0.0,1.0,2.0,3.0,4.0,5.0,6.0,7.0,8.0,9.0,10.0,11.0,12.0,13.0,14.0,15.0,16.0,17.0,18.0,19.0,20.0,21.0,22.0,23.0,24.0,25.0,26.0,27.0,28.0,29.0,30.0,31.0,32.0,33.0,34.0,35.0,36.0,37.0,38.0,39.0,40.0,41.0,42.0,43.0,44.0,45.0,46.0,47.0,48.0,49.0,50.0,51.0,52.0,53.0,54.0,55.0,56.0,57.0,58.0,59.0,60.0,61.0,62.0,63.0,64.0,65.0,66.0,67.0,68.0,69.0,70.0,71.0,72.0,73.0,74.0,75.0,76.0,77.0,78.0,79.0,80.0,81.0,82.0,83.0,84.0,85.0,86.0,87.0,88.0,89.0,90.0,91.0,92.0,93.0,94.0,95.0,96.0,97.0,98.0,99.0,100.0,101.0
1.0,1.0,0.9828434865669483,0.49034482484108527,0.9589509547949292,0.4945291790825234,0.9530574130160431,0.4969823709753674,0.8682025973302533,0.8307613989520303,0.905493976727026,0.7409940447622151,0.9404882808038768,0.846960850344215,0.4078845154382182,0.9535674521552365,0.9308417606778341,0.9648945162282562,0.7550316477429365,0.9493813557775157,0.9054971723884907,0.7416168776859136,0.8301579884483943,0.945222713397437,0.9072142796148437,0.8927799872135372,0.8140727401416817,0.9681024104394647,0.8791633620440926,0.8016549747861,0.9341173000440357,0.6526424264665437,0.9729957762796086,0.9349431468790353,0.8364461461190466,0.49598318219786186,0.7602210983584752,0.7653185604244623,0.7750023221586163,0.4954749775018552,0.9657722101975834,0.8910209357330321,0.4980194293684217,0.9905219249055424,0.9586484622201121,0.8334509278364435,0.9115012510376943,0.9140354353219045,0.7859348598812793,0.49780494888259075,0.9412004936686621,0.49005535212945,0.8851108701249192,0.9025461916206199,0.722753241980984,0.4935269044203814,0.7516772353210581,0.9263820303605581,0.9545384128586097,0.7927593207024988,0.7700497352662737,0.7330549911481199,0.9132743393358462,0.8228932587251356,0.9662482006755492,0.7987956390420606,0.9129694968684485,0.903984958409987,0.8897908399658059,0.9467014148054048,0.8431448702590965,0.7333048709628572,0.7903425740651663,0.9714323616611497,0.4347557603100368,0.9226466662924349,0.9585524458892356,0.9629963299393529,0.8299393833344337,0.9174610667626485,0.49752069365623364,0.9589244319649813,0.8669478733964884,0.9773371101068872,0.8191852304384176,0.8701662208418159,0.945584287083518,0.49824027549987004,0.7475264783682605,0.95506436302914,0.7555289447143639,0.7880185264327373,0.9578297692267461,0.779052272624084,0.8365209305551234,0.81491921863935,0.49836063507255884,0.6988002416317286,0.8547390261470899,0.7717517309388713,0.7267154730737384,0.495057663484176
2.0,0.9828434865669483,1.0,0.4946593587265373,0.952944780196249,0.4950103503055882,0.9563640447346871,0.4967774299615924,0.8826899404381352,0.8369934439519456,0.8969260641785975,0.7545375705391926,0.9401705357952412,0.8420763464707435,0.4081212798946683,0.955597494354038,0.9296636494111465,0.9624420259261834,0.7643649879790638,0.9507067346356811,0.8928614790797865,0.7527001383759202,0.8367990008586619,0.9357433962801056,0.9225920914758898,0.8993115753882028,0.8345424580542862,0.9731564130183723,0.8732856194667102,0.8187409445097975,0.9286862615656466,0.6673393337415863,0.9742097171897727,0.9407021547309928,0.8304794283003508,0.4972374906132512,0.7658117908950373,0.7760094377141008,0.7848290439634418,0.4930957070236405,0.9598182786024394,0.8762447483391533,0.4976624630400923,0.9871605584216052,0.9660069453540776,0.8438755004910352,0.9225559098419706,0.9293400577928337,0.8013297265818992,0.4978006227796629,0.9454133222919767,0.4920192970805525,0.8977384896081287,0.9057294488784408,0.7345284355130106,0.4979955903052213,0.7584887762204441,0.9181455509333907,0.9613142650351142,0.8066775408183979,0.7779001229454332,0.7446442313403603,0.9306099941705911,0.8405864382948758,0.964734493254413,0.8147573562742493,0.8978213264930169,0.9173093159157526,0.8966488164337605,0.9468079315939446,0.8564670345670791,0.730028328044237,0.7819206505066102,0.9781193196070183,0.43054908350092,0.9278104699500436,0.9502425078826264,0.946192290952767,0.8401569508167989,0.9067768741979774,0.4944493886851966,0.958897463515692,0.8927610023271672,0.9702325980226508,0.8351429359732371,0.8531453801583382,0.9509008618979748,0.49581540318777795,0.7488794548884499,0.9570566539153397,0.7643050926284853,0.7822088404466253,0.9517194486858847,0.7902438812452534,0.8433040365893056,0.8106758819812023,0.4950680778015617,0.7025370395456862,0.8395803307393986,0.7774314351160408,0.7365955237449846,0.49813476176112836
3.0,0.49034482484108527,0.4946593587265373,1.0,0.49392585754914914,0.9959704751514371,0.49526345213222106,0.9961108905637492,0.4919007078539305,0.4872065129658084,0.4942566873900397,0.49365566144128614,0.4989108739808501,0.4756811016272099,0.23324723993571947,0.49403693798057957,0.49781972961644483,0.49526263192462083,0.4863636975544161,0.4976746755745841,0.495417610887302,0.4946070881143718,0.4874631447425194,0.48711575241708216,0.4905307517590358,0.4870378154469763,0.4956948084098511,0.4903488759627411,0.49282707100565415,0.49625141809484974,0.49589727071738793,0.4690119285769175,0.4900606865066465,0.48378506649373115,0.4966097329139869,0.9915141619822594,0.48154159354192694,0.4937769377194758,0.4839266737555449,0.996311525286602,0.4871723855322715,0.4872287550651978,0.9942684127600943,0.48988564170083515,0.4904496168266444,0.4966404328701099,0.49331691914586345,0.4943451697484149,0.4955214435091799,0.9921444812638125,0.49222984550837257,0.9974848328003328,0.4911137619290522,0.47905164495531394,0.4949372631126031,0.9965594112069507,0.4569325725164123,0.4935069419801458,0.48418034217860384,0.4934252242880064,0.490416435806429,0.4942363034633971,0.4935877603174934,0.4979476335957833,0.4963182625934732,0.4971865624314749,0.49501072912072136,0.49330007222546246,0.4867591100373687,0.49054341227683773,0.4964018204191454,0.49385563218833206,0.4916205327132921,0.48787718156677584,0.2382127689403558,0.4978348590856816,0.491073438375783,0.48178745994233796,0.49622745648259925,0.4931204355107708,0.9912467738238308,0.49090467680524985,0.49612371690177365,0.4893990579524993,0.49455962319682933,0.4934313329708729,0.4975445533795747,0.991963632014264,0.48145128261175607,0.47863464276050494,0.48671043961190086,0.4845900795008398,0.48487684979968915,0.49207506694350345,0.4911858625641956,0.4855072799848824,0.9903528886080615,0.4922824603156999,0.4943868508040026,0.4895526658835642,0.4916933140807075,0.9957217808402264
4.0,0.9589509547949292,0.952944780196249,0.49392585754914914,1.0,0.4949389197821936,0.8988426853263585,0.4965730575833243,0.8393224985965992,0.7696910102109296,0.9688034930836551,0.7097815343399467,0.9521504594204039,0.8861605821332696,0.39233188991739115,0.9550020653980142,0.9409526168376153,0.9547414147541783,0.7495067868931868,0.9434386868490421,0.9485968923901951,0.7239170571306474,0.7636732720924609,0.9322812643084903,0.8645423593056082,0.8528779822624393,0.7734030968445194,0.9133331603791877,0.9182375533833831,0.7689091851258874,0.9664911443889519,0.6414105479417049,0.9376737900118557,0.9281517291788136,0.8913906962404854,0.4951581098614535,0.7218100015962751,0.7354812975833875,0.7405481859172689,0.4959411880080552,0.965473620821399,0.9051541849986166,0.4964354586474041,0.9705968333306315,0.9248488899554566,0.8090347179288084,0.8653200156690876,0.8644545780166731,0.7650878318046747,0.49549892001287055,0.8867331128429499,0.4951417497938783,0.8255140093041403,0.8551908223625946,0.7268085137858301,0.4952216424869559,0.7190462686247963,0.980631971895244,0.9042203412889263,0.7568695021165821,0.7562504098746304,0.7477076426665383,0.8822967557196495,0.7842018257678384,0.9828839592134881,0.7685196936900028,0.9467749086667058,0.8324445409382936,0.8235857819010729,0.8740509838651733,0.7952454427046051,0.7240636702633669,0.7982520008804048,0.9091121568824375,0.40891886768960733,0.9513250447332893,0.9719192539078045,0.9460188078250721,0.7895895132033582,0.9706817746985854,0.49762222103674003,0.9362248436093638,0.8389232125578356,0.9792600158303961,0.7866523868708842,0.8910072172031709,0.9647887335832293,0.49616512593690254,0.7322328711113648,0.8906727622810163,0.7357222407931132,0.729660980746329,0.885805539204495,0.7609179445805769,0.803684020116578,0.7485212098103592,0.4960696752593591,0.690589921571215,0.8809978028213414,0.7574222225112253,0.7278392141553585,0.4972288579051574
5.0,0.4945291790825234,0.4950103503055882,0.9959704751514371,0.4949389197821936,1.0,0.49692930722598827,0.9974802618562955,0.49556391519227005,0.49080178083087367,0.49510341448959116,0.49662903640035694,0.4971754068011217,0.4761565212594274,0.23521542047914562,0.4970944977189149,0.496582331210997,0.49668065615327794,0.4902630636252574,0.49719508833894965,0.4962702592835747,0.4973614260855608,0.4926063670586841,0.49095137226799873,0.4946100671353987,0.4903197397942278,0.495547675759329,0.4940741194896142,0.49446223824359115,0.49601819640398925,0.4956532770849814,0.4707037310230057,0.49307073409462804,0.48960653793582853,0.4984457026801477,0.9930401872244897,0.4868355022310511,0.49700404829951356,0.4892096900720939,0.9973962956642936,0.49166332886811004,0.49106334750117797,0.9963305051663407,0.4946909308998375,0.49366820906630016,0.4961760612839132,0.4976367567811498,0.49599607379833566,0.4977099387242385,0.9948870801869283,0.4949554829224638,0.9947246647161537,0.49308608773796725,0.4841178004402724,0.49566938320375764,0.9949997128554481,0.45754936112430866,0.49417498234047985,0.4891852319968989,0.4969843784720043,0.49412120809164206,0.4961888895650467,0.4939438743832266,0.4968310472879065,0.4962256862750265,0.49858547264664016,0.4969293593519757,0.49586011271702213,0.49168371786502163,0.49244743902521115,0.4968826845600155,0.49460332951874847,0.4947591181976852,0.493098073716707,0.2433347232197321,0.4968432645372419,0.49285869169819463,0.48790905909475346,0.49657839367604206,0.49239545884089786,0.9943448099221438,0.49530183085001844,0.4968860804662719,0.4918641295529069,0.49788261481725127,0.49574711022943896,0.4970639665283793,0.9946915077020503,0.48867798711105226,0.4835193652138182,0.49174547778504735,0.4893855688159795,0.49040615385027264,0.4944337034297534,0.4951995987722831,0.4902481200456653,0.9940663016852362,0.49547241141455783,0.49627577942960577,0.4944395045232959,0.49573036254143954,0.9964512326010513
6.0,0.9530574130160431,0.9563640447346871,0.49526345213222106,0.8988426853263585,0.49692930722598827,1.0,0.49838991998044607,0.9208095988873208,0.8575764119727055,0.8370777914129085,0.8203145632085868,0.9352894530244545,0.7951774124191409,0.4581252612248116,0.9501481140527988,0.9422035070834487,0.9577134151110539,0.7830148108995476,0.9491919415835869,0.8498670051207721,0.8036056961256521,0.8689975032570573,0.9283592373597063,0.9573928246351642,0.9292177220219467,0.9090837884876426,0.9564447454641101,0.8150771765401854,0.8971957958005023,0.8870445372453606,0.7250580537850417,0.960558166354202,0.9222747206919646,0.7948257233799995,0.4958186838524118,0.7966970144185974,0.8476296184809121,0.8147781992131886,0.4972359167335071,0.8816210699898271,0.7946090322907965,0.4979991644336221,0.9460407181410688,0.949243472922445,0.8871162879270602,0.9504490507098304,0.973080560032191,0.8425187738207173,0.4975389899662896,0.9662637870572364,0.4945705178672751,0.92119044483347,0.9121652994518583,0.7587848340962734,0.49622703973686,0.78758716277866,0.8554345354574513,0.937849802052724,0.8742957133239766,0.802572141688911,0.7585572656067701,0.9589257658496135,0.9227168373005518,0.9012799184736449,0.8969753945549411,0.8544940701304718,0.9483975621072889,0.9146183103726704,0.9495254464630423,0.9243334180835382,0.6934002050403179,0.72369003246532,0.9646875147540148,0.4680171824445562,0.9170014066248081,0.87564593377363,0.8797996305709106,0.9076543245617479,0.851517772329395,0.4963501857999378,0.9716421714717184,0.9293127159221602,0.90703000900984,0.9112645853202309,0.7937670215675983,0.9325548848624406,0.49692109629072,0.774259811549809,0.9400059198910007,0.7984689267184766,0.7945877175179736,0.9301906751449546,0.8183395578792272,0.8832686861082297,0.8356071827802637,0.4966233875292717,0.7502987518888905,0.7814846733642508,0.8251989377018343,0.7766175008244717,0.4979021535810641
7.0,0.4969823709753674,0.4967774299615924,0.9961108905637492,0.4965730575833243,0.9974802618562955,0.49838991998044607,1.0,0.497376196965427,0.4950341167419482,0.49787764001552626,0.49799020464727084,0.49641928811725844,0.4760858196672071,0.23789700146748177,0.49784036190107794,0.49676444143066695,0.4983571167498403,0.49472228780214345,0.49708386305725505,0.4989678375155714,0.49813895591361157,0.49525929874222496,0.49360961717751894,0.4968670276189995,0.49406158083863605,0.4975255812137298,0.49579385231563405,0.4972022133726185,0.4975996232546614,0.49753283147280936,0.47092255212822803,0.4952496943141974,0.4922635621754359,0.49790927802190543,0.9961820332604657,0.4912059287833061,0.49810213203261,0.49211467558013416,0.9979076711136027,0.4944650843569379,0.4938181090922287,0.9982306961559888,0.4963668129530755,0.49698916129655546,0.49795075134734573,0.49800683578462607,0.49829983994363203,0.4979163022623868,0.9972593017927773,0.4977785839322665,0.9946770126176709,0.49647087979203475,0.4896840374409243,0.49758110513309267,0.9965078306782849,0.45955198847961215,0.49759343732424555,0.49282399403726906,0.4976690176885219,0.49646882064294384,0.49819224543174556,0.4975646448093549,0.4972158860532683,0.4976232216394677,0.49813781998495155,0.49834620239746835,0.4970163099784122,0.4948438291084355,0.4966018347170489,0.4966439045582176,0.4976382449645773,0.49596821173263184,0.49481150303949817,0.24591046769066088,0.49747061643048174,0.49558026296017144,0.49162451560321385,0.49756521071887816,0.49639208557537345,0.9967442945586324,0.4971396238097346,0.4973362820557876,0.4957158590737509,0.4983335922122788,0.4975334823395055,0.49704263514708413,0.997460478705011,0.49181991684157844,0.4885776486780562,0.4949149971957101,0.49362828643468093,0.4928274193669582,0.49768194839020125,0.49727858016646387,0.49364958520963664,0.9969972392982923,0.4978814197904612,0.4981585283381421,0.49652301713922964,0.496861195636341,0.9973627948997593
8.0,0.8682025973302533,0.8826899404381352,0.4919007078539305,0.8393224985965992,0.49556391519227005,0.9208095988873208,0.497376196965427,1.0,0.9172884485894036,0.7940130746469557,0.8675973939971169,0.8317300878530915,0.734456507419732,0.48749051726330467,0.8681712110343893,0.8450033680729468,0.8682949596582769,0.8981688319611331,0.8572826942377691,0.7753368315442808,0.8666613542900623,0.9215287876722367,0.903682017403773,0.9609638318859808,0.9827596595898507,0.9581286498727271,0.9168410370356512,0.7490610900345118,0.9491029561854354,0.7987890113997849,0.7775319788523803,0.862797148625943,0.8665694912042864,0.7501366921454274,0.4965713434725886,0.8389313639608191,0.9090524704668226,0.870037584253145,0.4957461478125339,0.8038347319082616,0.7230093547501328,0.49770124494204127,0.8758617088977856,0.9276116627739173,0.9470697078518814,0.984827191345512,0.9656983175783134,0.9505701164609217,0.49728131035091666,0.9672248918945203,0.4920538475198257,0.966272635977776,0.9476732101662844,0.8443112451749523,0.4941710648538175,0.7904423391627535,0.806163092564714,0.9149976626304948,0.9303598435648213,0.894888502280399,0.8668331351102975,0.9411166994482631,0.9527491206794313,0.8263476923713502,0.9557636958630658,0.7742251531128737,0.928295728414948,0.9609515446803358,0.9080260996987386,0.9030982140587085,0.6874947166295753,0.6983967041151724,0.8858032766681242,0.46239595833313213,0.8333380178246343,0.7995723678177459,0.7871924770479704,0.961793950750192,0.8006819888691221,0.49843461185136106,0.8881946975223443,0.9792032065956582,0.8369508250176396,0.9582905094539854,0.726910174507238,0.8700806473604038,0.49814315913878915,0.8175469430879287,0.8793909093316505,0.8530836714735657,0.851310255945147,0.8349705085501725,0.9178703321895476,0.9817180331444079,0.8885320511047764,0.4984725959102525,0.7719765523853466,0.7318568900818434,0.9053023580495543,0.8245580111254528,0.49647741854430727
9.0,0.8307613989520303,0.8369934439519456,0.4872065129658084,0.7696910102109296,0.49080178083087367,0.8575764119727055,0.4950341167419482,0.9172884485894036,1.0,0.7185518723131603,0.9117664154279405,0.7598440449596461,0.7212419682391733,0.5146419721723529,0.7851621102326312,0.7496855019900044,0.8079498355338034,0.9046674607292997,0.7717892703406675,0.7564815626197359,0.8969518060060966,0.991465738359379,0.8017641634941077,0.9069790953275805,0.9061873848129789,0.9160043764230035,0.8755784345741175,0.7604239483404408,0.8952588884711391,0.7709646493737329,0.786682376251256,0.8389458727226949,0.8034776637445862,0.730272216773989,0.4977094322225013,0.928732922714397,0.928499548981934,0.9559474302385059,0.4908928341756651,0.7936461047149183,0.7613456523290876,0.4973151566846163,0.8211202488300842,0.8535702533268347,0.9346920206793439,0.9122754163370171,0.8993054780787315,0.9294169763940535,0.4979950343780122,0.9053772771953377,0.48494711179319605,0.968039995735902,0.9246508827330889,0.845403494276995,0.49322556054869016,0.7452702423591672,0.7397413446551343,0.8800831695430973,0.9419671309231868,0.9171128252556062,0.8674298393454162,0.8776164429661444,0.8770951964183629,0.7852925832997665,0.9001380662482953,0.7619895887887758,0.9352896093622269,0.9702855608042412,0.9059222250271328,0.8151035937056765,0.7295829171812191,0.7371013028693298,0.8693788888244605,0.5023818456166006,0.7429109887784513,0.7886765984447308,0.7981020195576307,0.9374633546521318,0.7488866179331548,0.49658650260782394,0.8137739935930879,0.8732317530385277,0.7990441707140468,0.8793448718206059,0.7585464510933573,0.7582703211247173,0.4980180810202483,0.8735575096911297,0.8769431617006781,0.9111969405946498,0.9644760340581446,0.8493599450895958,0.9369682946332342,0.9389077608361887,0.9876716776626857,0.49802919077611085,0.7956048921236066,0.7523713776570086,0.9291591019841925,0.8627385338345233,0.4943512081712362
10.0,0.905493976727026,0.8969260641785975,0.4942566873900397,0.9688034930836551,0.49510341448959116,0.8370777914129085,0.49787764001552626,0.7940130746469557,0.7185518723131603,1.0,0.6699162683143616,0.9191856137437079,0.8912561719945972,0.3652143816151999,0.9255744687313001,0.9034999574029167,0.9157966875358913,0.7255439841001166,0.9028622892815299,0.947914654263252,0.685396181291962,0.7053460787486521,0.9169990401298621,0.8208077168664547,0.8131153451532802,0.7262148724939637,0.8458560733687841,0.9153234036097164,0.7338489482328978,0.9402099219117499,0.6071050795508919,0.8771145975625687,0.9096365148471621,0.900959437552405,0.49536454550752457,0.6754380906516776,0.695504625453342,0.693817511305158,0.4973040979848685,0.9383484150542883,0.8912606105358979,0.49755924414220964,0.9284361824213538,0.8829746155294285,0.7900188110464154,0.8154995244153374,0.809860615636604,0.7276315143603439,0.4967431025261242,0.8341646792954025,0.49425925268673265,0.7670894670284851,0.8166010060216817,0.7052821964148727,0.4952218234972236,0.6916770458268464,0.9945848980921511,0.855226803963925,0.7178213618803564,0.7309716424158927,0.7475125759753409,0.8476435183101021,0.7423337858268129,0.9505920387456339,0.729927707026715,0.9391440799955473,0.7676873875200635,0.7686681896093245,0.8168928685704184,0.7446170277716939,0.7031407635705083,0.788905167146426,0.8450466207694164,0.3751478406865492,0.9331982429653143,0.9423819152104302,0.9173779103619929,0.7473704464143672,0.9645475766302937,0.49722769506713305,0.887792835638775,0.7951880367796355,0.9435308931286686,0.7513112839991656,0.8877257203831441,0.9276669841317009,0.49813557845238243,0.7030532263632415,0.8303477100105742,0.7072478827595212,0.676377588115901,0.8176280809691926,0.7275950052267577,0.7659349500911196,0.6947187887644485,0.49765055635125977,0.6668933847965288,0.8755001118812447,0.7356196824701114,0.7034997613361513,0.49573318473336786
11.0,0.7409940447622151,0.7545375705391926,0.49365566144128614,0.7097815343399467,0.49662903640035694,0.8203145632085868,0.49799020464727084,0.8675973939971169,0.9117664154279405,0.6699162683143616,1.0,0.76767617926113,0.6726846508016744,0.6257401937265017,0.7588353285819633,0.7707168890836112,0.7593469876421904,0.9260699010645493,0.7718533362673565,0.7099473737173361,0.9722850435517593,0.9193959935035779,0.7273381424184145,0.8385394513650516,0.8377118914565149,0.9300245344396381,0.7701522949585401,0.6938633843611156,0.9161388996388471,0.727674658255576,0.9029625802816944,0.7605877181415289,0.7263153873668717,0.699781319278793,0.49779478472962546,0.9561896397844021,0.9852855377112877,0.957048501626103,0.4947498128049087,0.6900787376131471,0.6584727813606985,0.49868388213716497,0.7367964480489538,0.7591051295162748,0.8718429354469568,0.8414548949621432,0.8495733796287148,0.9421119900636147,0.49852950759349013,0.817065940080814,0.4913464821857347,0.8719475165747435,0.7990766417512808,0.9127320013017781,0.4970528373906691,0.7025427284869571,0.6798004150439306,0.7549104455248584,0.9610138552072696,0.9432629129114893,0.9051475491700278,0.8120189085301982,0.8972919494305945,0.717256310635606,0.9282495920769127,0.7115450637236859,0.8355935487385622,0.8620829089692241,0.7746836568022103,0.8260068897012329,0.6514986470524264,0.6548552814971138,0.7698075841095696,0.5764671696796589,0.7419246022793194,0.6998502535117153,0.6827380337971717,0.9226811874853709,0.6970358479830345,0.4960098813423932,0.7837743502757599,0.838971528683702,0.7091785752465135,0.8916271958342533,0.6776075631818459,0.7459436286323404,0.4971515358406366,0.9191829278167234,0.750729016139015,0.959182315612595,0.9178602243764774,0.7296927296373561,0.9472120467591763,0.901009256684221,0.9066489090223436,0.49658157691791505,0.9088987794997571,0.676326948395505,0.9542770938474873,0.938740146824961,0.49819236050219534
12.0,0.9404882808038768,0.9401705357952412,0.4989108739808501,0.9521504594204039,0.4971754068011217,0.9352894530244545,0.49641928811725844,0.8317300878530915,0.7598440449596461,0.9191856137437079,0.76767617926113,1.0,0.8762442418639088,0.43297731238305837,0.969747987665348,0.9880256943728357,0.9635139418955794,0.7355018723221329,0.9843925840904366,0.9332490241937274,0.7628105664692623,0.7670077412822667,0.8941031733672298,0.8735819954176389,0.8384354475034375,0.8271307923995284,0.8857900741373038,0.8926618209137954,0.8275030963180933,0.963392835372101,0.6912937518163811,0.9400917382182163,0.8953858078272887,0.8765419646696907,0.4917530721884992,0.7378497115357254,0.7872109922248408,0.7490689413467605,0.4970276836427565,0.9186981617992669,0.8606130071559096,0.4939782045383816,0.9415396743364286,0.8873176983663109,0.8043432830611028,0.8574602403313621,0.8893514541076243,0.7807731446610904,0.4924512525030314,0.8778522172976037,0.4974344257494655,0.8167246790089455,0.8077983546247303,0.7359367079222713,0.49609934884758544,0.7312285799230912,0.9278220131906785,0.8570602062622682,0.7999662212857747,0.753560275064335,0.7288293567237543,0.885999802316964,0.8465825533669812,0.9564068086791055,0.8258725696907063,0.9389827080058508,0.8414199127940668,0.8038828589728747,0.8571753671668403,0.846310497579677,0.6795698290977077,0.7536709351819262,0.9076374370985418,0.44080337635161365,0.9755104547132188,0.9321444957085688,0.9057131404658991,0.8251521223030013,0.9327542338748183,0.49203358825731075,0.9602452524837812,0.8541079165598283,0.9356558697995174,0.8384081628609459,0.8618583474141104,0.9727180385617897,0.49252549051963174,0.7387650774987486,0.8694035006821709,0.7565164460756274,0.7138193061066823,0.8734691148753557,0.7613012710287376,0.7956728012007881,0.7354135700687106,0.4912444300846509,0.7389667575270188,0.8416414164913082,0.7728741841347351,0.7519651365416278,0.49588878175752305
13.0,0.846960850344215,0.8420763464707435,0.4756811016272099,0.8861605821332696,0.4761565212594274,0.7951774124191409,0.4760858196672071,0.734456507419732,0.7212419682391733,0.8912561719945972,0.6726846508016744,0.8762442418639088,1.0,0.3651785375844082,0.8505746830655101,0.8442335801488581,0.8485801505206135,0.6840699522690943,0.8432552133681983,0.9321368506285472,0.6812548829680007,0.7091463381229957,0.7969390288729293,0.7755310277916408,0.7461783612102373,0.7000875029403819,0.783973861153354,0.9266697155208974,0.7015285545981006,0.912398896691655,0.5978589972769184,0.8316477139917585,0.8063315961920631,0.9171440815040707,0.47196314351382357,0.6930374210300423,0.6889194316892309,0.7050382853850964,0.47646940242656377,0.880150234584479,0.9007239850007621,0.4756067543159634,0.8550884561926877,0.7928238655705709,0.7432347145000217,0.7584405632632514,0.7686710309367948,0.6929420378221733,0.47620201658444106,0.7778819922793044,0.4730819314654515,0.7452716242907204,0.7520933945279525,0.678749653605399,0.4736427630585554,0.6488494440891364,0.8918214956834469,0.7855130216725094,0.7060627047647272,0.7072885224808033,0.6917075094429797,0.7841175996377916,0.6999838816042738,0.897356320413199,0.700348513551974,0.9240830196436889,0.7538428589099931,0.7431090493927024,0.78296098372834,0.6885946350067594,0.7047357493910089,0.8349974260977653,0.8094747499175986,0.38787640985339106,0.8561973947388026,0.8969599706581185,0.8645315196734664,0.7293787989195862,0.9214666279472403,0.4733868433604975,0.8223564872619002,0.7277003332517876,0.8761305869484598,0.7048126667767898,0.9184423677118978,0.844684732087967,0.47679638405664587,0.7024179733476842,0.7870053168029867,0.707927969511813,0.6920380845787403,0.7810346906502621,0.7013794931554211,0.7167936568706117,0.700017618446024,0.4764814326068618,0.6654653346870281,0.911755737091763,0.712267036141897,0.6985263917898753,0.47444536045219005
14.0,0.4078845154382182,0.4081212798946683,0.23324723993571947,0.39233188991739115,0.23521542047914562,0.4581252612248116,0.23789700146748177,0.48749051726330467,0.5146419721723529,0.3652143816151999,0.6257401937265017,0.43297731238305837,0.3651785375844082,1.0,0.41588335093532236,0.4367017962167453,0.41425732657824244,0.600560195786703,0.4427112204976915,0.3903177638779267,0.6528741860866678,0.521162020023884,0.3945563155875302,0.45747974743813985,0.46620383777699237,0.5453554230318807,0.4136729994139241,0.3774146128537199,0.5229138407543249,0.40641521096517835,0.5740651013989954,0.41241496656662896,0.38256875003269714,0.3853884143894391,0.23765561339314475,0.6313083047059524,0.6043700867008996,0.5909122839077519,0.23786698586474914,0.3678992107756131,0.34673052750318106,0.23836062072714687,0.40021747019332277,0.40802517403624866,0.476907227014092,0.461758690333049,0.478643555536486,0.5629466981575153,0.23761749690903966,0.451989937080101,0.2339910431837789,0.48027452656452596,0.4310940567511241,0.6466421137540813,0.2354199746894749,0.3559909016670723,0.3739917015019781,0.3986319491516032,0.5524036617756669,0.607633650661066,0.5951959009345289,0.43885931567242736,0.5094906474937408,0.3941129921027667,0.5288513568757642,0.3923020930246824,0.446468899828948,0.4677868696037968,0.41080856092526463,0.49706843388609656,0.3525968594193447,0.3519263452423355,0.4098392468328296,0.8996769318931483,0.4078141588369583,0.38235116793984186,0.3606593113916026,0.5296088513832978,0.3903519814947249,0.23993179527814573,0.4302804652540511,0.4696510224875733,0.3863724335135729,0.4981387885545795,0.3632737590896249,0.42029132063044206,0.2400509633038707,0.6395578250830175,0.39862106090365357,0.6256549886944895,0.5705001384964161,0.3859113233751486,0.5953871169632186,0.5119424797656205,0.518001973642397,0.23979258132066908,0.6640377607798702,0.3674445546920208,0.5846437044047176,0.6335330605047969,0.23588185343079585
15.0,0.9535674521552365,0.955597494354038,0.49403693798057957,0.9550020653980142,0.4970944977189149,0.9501481140527988,0.49784036190107794,0.8681712110343893,0.7851621102326312,0.9255744687313001,0.7588353285819633,0.969747987665348,0.8505746830655101,0.41588335093532236,1.0,0.9716436107690704,0.9901764478110479,0.7547220368647405,0.9625967959574929,0.9138996385682838,0.7543869392549655,0.7853995459826664,0.9439414059891833,0.9260467145317417,0.879268970938016,0.8307888936943653,0.9179536207131564,0.8719395843428711,0.8442661319964133,0.9421828217363595,0.6778752762955477,0.9595712215626421,0.9610648556844206,0.8573716611223221,0.4950183354346015,0.7416204318526912,0.787786296405786,0.7660167301583383,0.4971817803891043,0.9277879815055741,0.8369287073540963,0.49758638294944746,0.9647169492881764,0.9304348689756711,0.859503433953333,0.8947806898176316,0.9207320945268905,0.7874527203455424,0.49720750340066183,0.9162254578659706,0.49403577468475723,0.8478087571592955,0.8701058710617362,0.7358599097165937,0.49502677876029166,0.7666712085384264,0.9352574671586258,0.913522503738889,0.813362697758861,0.7702907248464405,0.7565567619029347,0.9422943407962735,0.8540885221532442,0.9423439962903242,0.8371537719069932,0.9160619300217944,0.875089466296858,0.8438950929446452,0.9005501866684582,0.8541098842599664,0.6970942411097896,0.7379462806252052,0.9379452219255088,0.4267024455979217,0.9842557837790333,0.9203485621338305,0.9212077334336396,0.8405093367295478,0.9090991326539303,0.49653236688601093,0.9839787935605967,0.8789370193701111,0.9433770209639751,0.8669937410276557,0.8353400721414033,0.9648457422744823,0.49737734159679237,0.7587379829702274,0.9126959278455262,0.7754600811231493,0.7260951684332657,0.8952553907415212,0.7731512172102464,0.8226754752637947,0.7577787017978901,0.49714480217403734,0.7340382243983251,0.8152479799899144,0.8017523236860536,0.7699456593773857,0.4966638668415768
16.0,0.9308417606778341,0.9296636494111465,0.49781972961644483,0.9409526168376153,0.496582331210997,0.9422035070834487,0.49676444143066695,0.8450033680729468,0.7496855019900044,0.9034999574029167,0.7707168890836112,0.9880256943728357,0.8442335801488581,0.4367017962167453,0.9716436107690704,1.0,0.960097454221349,0.7416364108044945,0.9825380807695043,0.9006825186927846,0.7624617019467828,0.757536648478133,0.9036208162156348,0.8811451883901895,0.849057456372864,0.8430181660476814,0.8829465606965532,0.8545821320270115,0.8470006088988388,0.9360427789061222,0.7074272386500174,0.9319707788424596,0.8975320229817089,0.8431600144110866,0.4920909582211633,0.7263334468519275,0.7929874212822912,0.7419755545976425,0.49777913697128806,0.897174008907977,0.8210691671686898,0.49462018259787643,0.9342342212988184,0.8922568108024034,0.8082346634459879,0.863522596516949,0.896042842959394,0.7842293872439592,0.4936420002616447,0.8824408230507864,0.498180319968895,0.815496919751364,0.8127485613921606,0.7402667445313964,0.49565099715654626,0.7342535664837094,0.911957373452666,0.85944258022922,0.8056409196117112,0.7529165550887067,0.7339648531511267,0.897026265327604,0.8693376997126827,0.9342708814782549,0.8472915316907301,0.9035672776010261,0.8373922545540428,0.8012379192669508,0.8544489285901036,0.8642710964757501,0.6598506921005812,0.7194076019398481,0.8988039212312104,0.4321679255464218,0.9784175664841883,0.9032043334863756,0.8832064360306897,0.8360653207861559,0.9111759747327621,0.4937496923944005,0.9626583240223852,0.8688209261867028,0.9205785183316719,0.8622597222948795,0.8195130377938319,0.9744647093449643,0.49383258215794895,0.7319932144161551,0.8653456298266314,0.7513213548953838,0.7007283053168096,0.8616450387025103,0.7623424855264186,0.8030493339878838,0.7249112268181245,0.49301401399534056,0.7446692688776919,0.8028574500443839,0.7759112208480895,0.7585081378054422,0.4962902096127229
17.0,0.9648945162282562,0.9624420259261834,0.49526263192462083,0.9547414147541783,0.49668065615327794,0.9577134151110539,0.4983571167498403,0.8682949596582769,0.8079498355338034,0.9157966875358913,0.7593469876421904,0.9635139418955794,0.8485801505206135,0.41425732657824244,0.9901764478110479,0.960097454221349,1.0,0.7506667776231559,0.9581606840331426,0.9149987441263674,0.7534234099979888,0.8067364343430632,0.9449178717130267,0.9320820446758149,0.8844632679179034,0.8316816205540967,0.936544733364184,0.8795831768415768,0.8375055555823644,0.946032582204425,0.6695450758895147,0.9774650938122971,0.9657260313637984,0.8554541004604843,0.4964538936141525,0.753389820999879,0.7883380126166657,0.7798644685486807,0.4979768430902085,0.9352198603302678,0.8499040930471303,0.4978742069849208,0.9683268032803127,0.941433354039384,0.8670901796634655,0.8997505344223292,0.9261138161533288,0.7866754169862918,0.4963989869581026,0.9288594933804156,0.4950882005201884,0.8670228812595444,0.8860700440602438,0.7293881620690994,0.4962100976691959,0.7729644328596043,0.9311363066946667,0.9269590094776492,0.8178064789964765,0.7658980577242598,0.748822273301047,0.9483475626805391,0.8513677600410116,0.9449689282238691,0.830241922452288,0.9212267127539904,0.8981437339752016,0.861209621098745,0.9260889614982629,0.8553151647388544,0.7118996933303872,0.7505409142626369,0.9545433127879286,0.43127268903565485,0.9698976374905459,0.9301017703424606,0.9351349456520939,0.8429943342508018,0.9066872388500868,0.49802228735533016,0.9878516411633644,0.8775453974921682,0.9510485932001868,0.8577256296251152,0.847064205566316,0.953721785564123,0.4977283301857563,0.7607358832186699,0.9373070691764731,0.7757477796054483,0.7474701555503392,0.921165924079437,0.773978070348127,0.8253331964606551,0.7846795993292379,0.49726204683215247,0.728331726060782,0.823027039055893,0.7986857382232181,0.7653121112357848,0.4972491895350616
18.0,0.7550316477429365,0.7643649879790638,0.4863636975544161,0.7495067868931868,0.4902630636252574,0.7830148108995476,0.49472228780214345,0.8981688319611331,0.9046674607292997,0.7255439841001166,0.9260699010645493,0.7355018723221329,0.6840699522690943,0.600560195786703,0.7547220368647405,0.7416364108044945,0.7506667776231559,1.0,0.7544704397926283,0.7165113604894278,0.9566802305215427,0.8948630489614466,0.7831937585332511,0.8363269125334649,0.8714216029599104,0.8865824596879485,0.7802339875273212,0.7015056109150617,0.8768397849283945,0.7251299206518149,0.8562530741850585,0.7419853607955555,0.7451934517858649,0.7092200051785644,0.49573558630159076,0.9365018832802435,0.9336924550813408,0.9388670522550614,0.4923699051095791,0.7184455736489679,0.6699180963998675,0.49590621064972695,0.7642284049825683,0.800485936187925,0.8764648012611398,0.8601751040607477,0.8352091904091032,0.9597163547121248,0.49612571537476036,0.837413620948072,0.48686041050431594,0.8752676090796923,0.8362995679618453,0.9670871167742146,0.4913074730911926,0.6939404026062335,0.7336921202626512,0.7847812788030526,0.9061863940765831,0.9811248484569081,0.9733273012529784,0.8107500991982628,0.8530559033297933,0.742982151966263,0.8849407653518445,0.7150878756744287,0.7982238361460092,0.8687114739854919,0.7744332254687275,0.7741210363672334,0.6748060894545345,0.6726568125924655,0.7535028485533533,0.5430798685433221,0.7357817032802001,0.722825431860963,0.7005405287655633,0.9022505100278579,0.7420952033270708,0.4970326070547427,0.7643069813419199,0.8670130382067467,0.742798468380371,0.8590911699508266,0.6819427331494143,0.7701936836291622,0.49754348922987734,0.9298725987646171,0.7547380085903257,0.9511680705724093,0.9219217629267463,0.7072004602800812,0.98521430392353,0.9291082697882778,0.8918140037869295,0.49815767336541317,0.8777150711219768,0.6903041727708629,0.9601094663337244,0.9300529287035015,0.49258682832951045
19.0,0.9493813557775157,0.9507067346356811,0.4976746755745841,0.9434386868490421,0.49719508833894965,0.9491919415835869,0.49708386305725505,0.8572826942377691,0.7717892703406675,0.9028622892815299,0.7718533362673565,0.9843925840904366,0.8432552133681983,0.4427112204976915,0.9625967959574929,0.9825380807695043,0.9581606840331426,0.7544704397926283,1.0,0.8994121088343856,0.7665903953744715,0.7807395327381399,0.9090449950092094,0.883575733552786,0.8656893966117588,0.8486966142552593,0.908367281460357,0.8592387758943774,0.8368303938312336,0.9375621997660624,0.705995933206228,0.9447859242540242,0.8987243729352027,0.8408098197223027,0.49463419539872033,0.7385606919085768,0.7923639675273144,0.7492269233802026,0.496482513424085,0.9129302677542329,0.8366438087310352,0.49616609365177305,0.9493486028901295,0.914594736467046,0.8065744347531237,0.8833326638043845,0.9030612184908043,0.7991841379843446,0.4945385169112073,0.9039288429919938,0.4960939904139309,0.8368237763058646,0.8255968793932544,0.7482253730326611,0.497384077489428,0.7378575297231069,0.9139548185299418,0.877600305848425,0.8092393208582291,0.7637805957519092,0.7394039638275651,0.8941864120501034,0.8657673880501998,0.9499728546639586,0.8385370239619635,0.9067629462605262,0.8557362211719814,0.8253262802530903,0.8723066626537497,0.8751147427403154,0.6716459727859962,0.7397694876150626,0.9177763357346221,0.44328717814358626,0.9585567599483082,0.9209494362631667,0.8977726858040441,0.8420367177201946,0.9152330112091358,0.49396111533448994,0.9634298093034288,0.8862860822032427,0.9362377684366155,0.8500078160037166,0.8301190841791848,0.9801336357302656,0.49436992894834986,0.7323883694203664,0.8830367624964802,0.7513408193596163,0.7233471939322422,0.8871568457519537,0.777087173121386,0.8217723579464348,0.7471668067638768,0.4934295605052994,0.7309191026684523,0.8132277024342904,0.771269836444076,0.7439746742895197,0.49663977508755675
20.0,0.9054971723884907,0.8928614790797865,0.495417610887302,0.9485968923901951,0.4962702592835747,0.8498670051207721,0.4989678375155714,0.7753368315442808,0.7564815626197359,0.947914654263252,0.7099473737173361,0.9332490241937274,0.9321368506285472,0.3903177638779267,0.9138996385682838,0.9006825186927846,0.9149987441263674,0.7165113604894278,0.8994121088343856,1.0,0.7149650826355283,0.7488424430409266,0.8517658662441847,0.8200943600087301,0.7870869963919698,0.737469357778304,0.8428464268291523,0.9827003269040385,0.7413442694557677,0.9801335143259668,0.6290844690334562,0.8966631566290226,0.8712471973727873,0.9659667840900483,0.4970175590099835,0.7268561108270983,0.7265324799277413,0.7397967611213441,0.49735566784881624,0.9327330691351688,0.948137486157711,0.4985024369333877,0.9093283613159164,0.8446768742300694,0.7850653243152458,0.8011639526022986,0.8162828975226992,0.7284113522636135,0.4976296536794168,0.8247942297930229,0.494500275261524,0.785034774314522,0.7961823653304497,0.702810481899617,0.4970013769113509,0.6882953132964386,0.9499464447901438,0.8327044092048907,0.7431048196213903,0.7360515553380633,0.7188930581609072,0.8354783240537148,0.7440122836775109,0.9548470292823421,0.7364055515126081,0.9919856444320294,0.8009053744106804,0.7831770958001423,0.8284601323263435,0.7405829623833359,0.7362616382736532,0.8604424656044799,0.8620189268463061,0.4202401036307703,0.9202144100976087,0.9577918290105323,0.9273029378652484,0.758959676506269,0.9733355892567906,0.49724818586198416,0.892185145765522,0.7705246782567422,0.9318289675579687,0.7499714677556797,0.9637928091897197,0.9062222381404593,0.49767086871678345,0.7394143700913438,0.8416816514520391,0.7415460365016668,0.7227374106325244,0.8409829874267041,0.734194515439087,0.7529685760996175,0.7380402417662211,0.49691965693022355,0.6998247952486281,0.9516030251031985,0.7492670885407211,0.7292238803554889,0.49746931122605176
