,152,153,154,155,156,158,160,164,169,171,172,173,176,177,178,179,180,181,183,184,185,188,189,192,194,195,197,200,206,209,212,213,215,218,220,221,222,223,224,225,226,228,229,232,234,236,237,242,244,246,248,251,252,256,257,260,261,262,263,265,267,268,271,274,276,278,280,281,283,285,286,287,289,2007,2011,5058,5068,5071,5075,5077,5078,5080,5081,5084,5085,5090,5092,5100,10044,10082,10153,10159
152,1.0,0.7566397046004217,0.0,0.0,0.41122782067677754,0.3281616566855454,0.0,0.5856775317484985,0.5396336594041339,0.5699224109965112,0.22990339530113404,0.3489866281602926,0.22463491067368738,0.29483206643222093,0.0,0.6574745519771807,0.423252372674668,0.26513438404176,0.43728761877603983,0.479206371996368,0.5959528455333442,0.35727269962194397,0.677072906776894,0.2984566562734209,0.47744340200422014,0.34962800531971977,0.21135962746776157,0.29757110399021924,0.4261098298087477,0.17677517113903568,0.0,0.15263099156986917,0.45280719792036617,0.3364345403612726,0.43664419982974384,0.0,0.6641985965407257,0.5961117660118515,0.4427407983707551,0.71902022323518,0.5776664877376679,0.33676156994192075,0.5297227604169603,0.5048367795687145,0.0,0.436470906447653,0.7977245428804772,0.8241387371079294,0.8193457241835964,0.5621625345263651,0.6020153891479025,0.0,0.6120847491334147,0.2760525846890581,0.807831771959639,0.4103409486130932,0.3005595890709756,0.32477036448716756,0.6424879852997604,0.3010393898811349,0.3020614575049706,0.2878228902811936,0.8066547535508101,0.3469970609369074,0.3893674537453937,0.4520366690344867,0.4260500698551813,0.38913405271916196,0.21795071456691945,0.3116021333245575,0.46232890103308455,0.31410471934039813,0.4233507896637036,0.0,0.2752792440417712,0.2426406967680425,0.2584116830555142,0.2986543878909671,0.2562014599349023,0.0,0.2608528832358461,0.32778142317327363,0.4671781671359771,0.5782707124261459,0.2890568063708012,0.414867517754155,0.532077924204599,0.6000994685169209,0.27949474073471664,0.37225427047995663,0.3755094158894682,0.3150698817680534
153,0.7566397046004217,1.0,0.0,0.0,0.5737792583367587,0.2504344674192484,0.0,0.7858080800357609,0.41574553694485356,0.8679654862150806,0.1063707427226999,0.20426025518973492,0.11219033828920244,0.13070942392294937,0.0,0.679496737140051,0.3411987703664936,0.1788133545013641,0.30342933024739194,0.4047780295637446,0.7602197030117712,0.213101511865988,0.9306925453166979,0.19381892107980322,0.7742511872316638,0.2795661724671119,0.1097115253108509,0.21659091187845828,0.387487034627741,0.0826834030236855,0.0,0.0789174063432059,0.2721446717656214,0.2106900146806574,0.24912006167857048,0.0,0.8804960437440601,0.8310299095954091,0.7254133981875681,0.9477187088645947,0.758869548217421,0.190139326925813,0.444118907527872,0.31356247443345026,0.0,0.6579641632929627,0.5730099108827801,0.5992413386150557,0.7806787328457319,0.47360744515893255,0.8974589653304998,0.0,0.8913517895526697,0.1259313775794799,0.5977362892437322,0.34944366676623256,0.1759731794302511,0.14497596209474473,0.9189404096712807,0.17438928561851683,0.2151675041775865,0.19281685098076226,0.9531452215600879,0.265723677638473,0.26784307508666927,0.5751305105107941,0.6913264869480821,0.29750827307258854,0.16320626639971586,0.18552469490280607,0.6797356053545567,0.24937535688793305,0.28897323634376665,0.0,0.18526599774521652,0.17853373063223088,0.1908235235452368,0.22360853933661617,0.24208701130777627,0.0,0.14468691835862119,0.25828813609443874,0.30463641088434523,0.568508275168575,0.22635042968846453,0.3310362588298659,0.6719718667179686,0.46471866705070036,0.12729683097934016,0.4110001993071437,0.19830997530040337,0.19576348475838387
154,0.0,0.0,1.0,0.45080565843511333,0.0,0.0,0.8991804764189252,0.0,0.0,0.0,0.0,0.0,0.0,0.0,0.0,0.0,0.0,0.0,0.0,0.0,0.0,0.0,0.0,0.0,0.0,0.0,0.0,0.0,0.0,0.0,0.0,0.0,0.0,0.0,0.0,0.0,0.0,0.0,0.0,0.0,0.0,0.0,0.0,0.0,0.4474002205886158,0.0,0.0,0.0,0.0,0.0,0.0,0.8787066027522888,0.0,0.0,0.0,0.0,0.0,0.0,0.0,0.0,0.0,0.0,0.0,0.0,0.0,0.0,0.0,0.0,0.0,0.0,0.0,0.0,0.0,0.7635551526193357,0.0,0.0,0.0,0.0,0.0,0.0,0.0,0.0,0.0,0.0,0.0,0.0,0.0,0.0,0.0,0.0,0.0,0.0
155,0.0,0.0,0.45080565843511333,1.0,0.0,0.0,0.482174751886234,0.0,0.0,0.0,0.0,0.0,0.0,0.0,0.0,0.0,0.0,0.0,0.0,0.0,0.0,0.0,0.0,0.0,0.0,0.0,0.0,0.0,0.0,0.0,0.0,0.0,0.0,0.0,0.0,0.0,0.0,0.0,0.0,0.0,0.0,0.0,0.0,0.0,0.686711584241845,0.0,0.0,0.0,0.0,0.0,0.0,0.7071391323513941,0.0,0.0,0.0,0.0,0.0,0.0,0.0,0.0,0.0,0.0,0.0,0.0,0.0,0.0,0.0,0.0,0.0,0.0,0.0,0.0,0.0,0.8176314657461563,0.0,0.0,0.0,0.0,0.0,0.0,0.0,0.0,0.0,0.0,0.0,0.0,0.0,0.0,0.0,0.0,0.0,0.0
156,0.41122782067677754,0.5737792583367587,0.0,0.0,1.0,0.06231382073932963,0.0,0.7420278477796365,0.07242786280844522,0.6587736087264937,0.020205542144792955,0.0673421499700696,0.030126562045318606,0.07718498520125557,0.0,0.6797989066903883,0.2731495565604877,-0.0027413729639219524,0.10261010312168327,0.10128466083398498,0.7050309769455071,0.06910770337912665,0.7467218748664676,0.05322709481557754,0.5888621472479005,0.02064778280803477,-0.011335593095475011,-0.0043217386360860895,0.07064324987936561,0.02929336952037989,0.0,-0.05773209965904998,0.06411430515795867,0.05743788835801364,0.07216165732530187,0.0,0.7043347165340401,0.3472681488880611,0.5733385744902318,0.7022785672541141,0.6734417047092514,0.050802668075600535,0.20151651130721734,0.12732960743948163,0.0,0.3909398578634786,0.4260791771319862,0.26766634744131046,0.3766271161765333,0.6034178893224748,0.6758075697514537,0.0,0.5429896250068627,0.036284376849247846,0.5344568031498689,0.5458154977163824,0.01052505326835793,0.06413223881687839,0.7042714869343804,0.05191032022619159,0.012293701997641437,-0.02641324476783163,0.5409798380123945,0.002072879273367958,0.10617818924475304,0.21173069504334704,0.4239275028149649,0.046708530725717366,0.06110836525082256,0.0645427426823266,0.4037634191518465,-0.007190743408837094,0.15915715367722771,0.0,0.023134865690573107,0.27281480978606043,0.07182760946558009,0.012476556939804056,0.37169338510776545,0.0,0.011237977195095422,-0.010455377918194684,0.121407451828694,0.16529827222135876,-0.013830725913665689,0.35701574082999227,0.8740461793978184,0.10722682583278058,0.031531755982380075,0.11377369356227947,0.08658475547519331,0.05860698379858092
158,0.3281616566855454,0.2504344674192484,0.0,0.0,0.06231382073932963,1.0,0.0,0.14547136639771693,0.4409217615309064,0.16126185846980173,0.5466113393812773,0.4528623698172138,0.2311547228671386,0.32642427651859984,0.0,0.1479135878540047,0.6208711909050684,0.25965813434937296,0.7842316193610629,0.7628798038079163,0.1343289114081709,0.3786046352922263,0.20249115037509513,0.7594977085202654,0.11884606756861661,0.29470430569758443,0.6936173048139318,0.3048628494458215,0.6159870124155833,0.15020937447631752,0.0,0.15786263271387263,0.4673391901258407,0.7151191852049545,0.3895820199726735,0.0,0.19465206358073622,0.19356863623239734,0.11424848478395759,0.2135411789201191,0.1596718383863817,0.3238713949010674,0.35293472989228997,0.42360820100708435,0.0,0.11575305498393408,0.28902878121966163,0.46489992073084524,0.28992058044054886,0.1392586292974921,0.18246028786660481,0.0,0.17260519995517468,0.4591703568111167,0.26690084987376156,0.08056032558781212,0.4342508642734984,0.4826265388619385,0.1710559638143427,0.5329363494774728,0.2835005010138263,0.3686175708826803,0.27105685551359787,0.31568011967039594,0.7340208543489539,0.13696895721678215,0.11562166919619989,0.3541787337412502,0.5583134293719673,0.38042195189665934,0.12851820119415835,0.21756998122999816,0.6070716584333478,0.0,0.34710635682611396,0.33482380299343967,0.7449173366574304,0.24417113087058703,0.3526784956172973,0.0,0.4515199728171164,0.24134872979103938,0.6893903997947045,0.5207355075597195,0.28921343964137264,0.36541166143367937,0.10520324763629368,0.4356186560596374,0.45003674505440205,0.5459527025972891,0.40327591106506094,0.5736343465016746
160,0.0,0.0,0.8991804764189252,0.482174751886234,0.0,0.0,1.0,0.0,0.0,0.0,0.0,0.0,0.0,0.0,0.0,0.0,0.0,0.0,0.0,0.0,0.0,0.0,0.0,0.0,0.0,0.0,0.0,0.0,0.0,0.0,0.0,0.0,0.0,0.0,0.0,0.0,0.0,0.0,0.0,0.0,0.0,0.0,0.0,0.0,0.47344688722462175,0.0,0.0,0.0,0.0,0.0,0.0,0.9167817293576688,0.0,0.0,0.0,0.0,0.0,0.0,0.0,0.0,0.0,0.0,0.0,0.0,0.0,0.0,0.0,0.0,0.0,0.0,0.0,0.0,0.0,0.7562389809261969,0.0,0.0,0.0,0.0,0.0,0.0,0.0,0.0,0.0,0.0,0.0,0.0,0.0,0.0,0.0,0.0,0.0,0.0
164,0.5856775317484985,0.7858080800357609,0.0,0.0,0.7420278477796365,0.14547136639771693,0.0,1.0,0.19247691485960466,0.8830812828023022,0.07435527822806778,0.14678536775444812,0.11264975008086003,0.17122506862188755,0.0,0.7337471707452341,0.3203015598035693,0.06239132866086109,0.20603704177990811,0.21116382006572107,0.9502147686074739,0.17388765241957976,0.9047952251926653,0.12496251334259362,0.8273648663924098,0.0950488499192967,0.04160969723262151,0.05581754931113797,0.2098490205014995,0.11780486742117596,0.0,0.006532564898689601,0.15696309983244108,0.12919040355301709,0.16809743142018585,0.0,0.9601098068535133,0.5748060591273207,0.730545348851345,0.8771396730977318,0.9493691797265881,0.16607186269943247,0.3138331610838516,0.2294672800620195,0.0,0.5962547710595119,0.5519143246980861,0.43896495035941097,0.6626146126946366,0.5211703982956226,0.8628668072555528,0.0,0.8742438005106707,0.12851295383617453,0.5829873467519753,0.5186272404958447,0.10537607410554736,0.13596204104080972,0.8977559608126631,0.11816906474309466,0.07771777948297062,0.061657146978093956,0.805947097824418,0.07898981730652585,0.20293209133927614,0.46278715261342124,0.6723363675147926,0.14235833299516895,0.11908236509820781,0.22251615132332356,0.6660505795743495,0.08318719791159288,0.2335157050994607,0.0,0.08218638268616305,0.21024007998501149,0.14027272293635357,0.08807094861938794,0.2680347490627575,0.0,0.0865450863604892,0.06924046009080137,0.23300711964433296,0.28443555008747545,0.04916900521656087,0.30986237083087637,0.8507098221633179,0.21773648574128512,0.09134842607191225,0.21610366128128886,0.17553260153181932,0.1808797920888254
169,0.5396336594041339,0.41574553694485356,0.0,0.0,0.07242786280844522,0.4409217615309064,0.0,0.19247691485960466,1.0,0.2562661380523608,0.3795399060865503,0.6892986009717318,0.527653775403412,0.3892576960449837,0.0,0.18745924216674512,0.36038968551864187,0.7055344077333942,0.4901910705507532,0.7160883124562543,0.18279442823483227,0.6556861775629128,0.2732940890814259,0.3655612139487043,0.18617665054824856,0.8083596626982423,0.508771266399239,0.7549553472581056,0.6886921694054956,0.43757922638071356,0.0,0.488005638354072,0.7564027154158117,0.5403589585589949,0.6775942533069494,0.0,0.2896599279361925,0.51911931467991,0.16994293315550835,0.2810682996746745,0.2151613977140047,0.6391374678547979,0.7744247625339609,0.6013359058326131,0.0,0.27884052375279483,0.38215418210777324,0.6497399005585162,0.49563479268539007,0.16573054586574065,0.272550304496809,0.0,0.32161740710665754,0.43626232081804767,0.31201307654251903,0.09784788786427034,0.731743804465596,0.3912878503027168,0.25169447690348146,0.6010221382485391,0.7569539650839794,0.8210807501835159,0.4647333690154668,0.8467348246782435,0.36791918576412536,0.4197845559918035,0.22729283183686494,0.8734958868858202,0.23249166704761515,0.44875260077825324,0.2949562325396192,0.7421029115328711,0.3432401388515697,0.0,0.7117570894783533,0.23216949501315548,0.30593000770742257,0.7328942251271949,0.15968319648863438,0.0,0.6635026727082856,0.7724329317951724,0.47622484020164535,0.7259545208011281,0.7434046021478504,0.2885155376078253,0.11991882122781743,0.911444423561099,0.399710905145215,0.5173894934317126,0.58402786899252,0.40937041596185586
171,0.5699224109965112,0.8679654862150806,0.0,0.0,0.6587736087264937,0.16126185846980173,0.0,0.8830812828023022,0.2562661380523608,1.0,0.039140926255426124,0.11903849898290537,0.07266993179756844,0.0777749202158916,0.0,0.6191791116954493,0.27071693928817503,0.09542181217635214,0.19448468603208235,0.2782509024916154,0.8254453995993896,0.13138036501884873,0.9300268016787315,0.10674265262106773,0.9576754142010635,0.15852340293617673,0.040904001273535474,0.11098444534341273,0.29671082260427994,0.06653678980398439,0.0,0.031875717530759864,0.15577479220753562,0.12112174133709638,0.1505773177923649,0.0,0.9271965729278493,0.7504457765678149,0.8626635733051589,0.8738760535003027,0.8396083982715439,0.12352379971735662,0.30689798269277174,0.20441229225403892,0.0,0.7640532117835578,0.4960545974513829,0.44124746527916603,0.673585588311601,0.44045935821126747,0.9901438619000842,0.0,0.9387952086829181,0.06824050672998547,0.493990684725368,0.3733087709150232,0.09612284237488265,0.07483217918119592,0.9269795143750452,0.08846382293322742,0.13141854025310196,0.09519878151615013,0.8169243836092006,0.15378272936679774,0.17737892556610405,0.561914834004823,0.8368173356226927,0.1760487849764464,0.11427183575361993,0.1415670221928797,0.7929755438927681,0.16330083246936136,0.21172937675693226,0.0,0.10805433256924332,0.15456833936308736,0.1306591220983601,0.14680805824438195,0.2099766061366422,0.0,0.07232627229915042,0.15134220349611807,0.20136290823311606,0.39026619892161535,0.12079269607062602,0.2718071876912625,0.7154720103609172,0.28330774449737517,0.05900723418324478,0.32054686869573884,0.11847526625122791,0.13328325291749488
172,0.22990339530113404,0.1063707427226999,0.0,0.0,0.020205542144792955,0.5466113393812773,0.0,0.07435527822806778,0.3795399060865503,0.039140926255426124,1.0,0.659601063692702,0.41124303619155783,0.6257084934735194,0.0,0.0797874742496757,0.4000364793166278,0.36464402024254683,0.5080819666743357,0.38497686552581883,0.08062185237971259,0.6167845530853966,0.08225812416028505,0.6534901887803647,0.010197543622861098,0.3628167326770425,0.8086694792305239,0.3821663070082165,0.34941515576293636,0.2994514537580322,0.0,0.23613255866470612,0.5656182476505319,0.7572880746164802,0.5369699754075009,0.0,0.09314669657172471,0.10092013366819992,-0.001138199750864691,0.09804847947211426,0.09122108975881202,0.550766814108898,0.48837426733772094,0.457097511673062,0.0,0.03474763808470371,0.18613196734210227,0.29189015326363266,0.1477175067332124,0.08185567780028986,0.04922377752930929,0.0,0.07080855133891037,0.6742759322780933,0.15822631889460442,0.0970935560877291,0.5920278142950822,0.6588461188224062,0.045229817911922356,0.7768034805653973,0.3675689644752066,0.4677825982674745,0.16138303562683504,0.3643317115225327,0.43534642121896044,0.07706268135047806,0.013694456065100509,0.4587728874764149,0.3371995321596718,0.5199512859928824,0.04559153397893647,0.2805091378721034,0.3840561277865801,0.0,0.47527087829379566,0.21048008289079398,0.5889498377738497,0.3259742728785844,0.2316341853409271,0.0,0.6497233361764835,0.3011764797524672,0.652266468694192,0.20714592114078212,0.3675737664418967,0.18785686727590067,0.06817737178576196,0.28564307612447765,0.6983153033971582,0.19547532727095066,0.6599737997043577,0.5916694991001619
173,0.3489866281602926,0.20426025518973492,0.0,0.0,0.0673421499700696,0.4528623698172138,0.0,0.14678536775444812,0.6892986009717318,0.11903849898290537,0.659601063692702,1.0,0.7410270376787818,0.7723891436305564,0.0,0.13554372925325123,0.5243651003903952,0.6878028237014403,0.5557324316706309,0.49594844664335697,0.14543488867450438,0.955620018625287,0.16315369820112097,0.47755227730828675,0.06673444696964263,0.6441381371062295,0.6573206904776808,0.6568680849867337,0.5467099912427154,0.5666354720578752,0.0,0.4822662541007304,0.7769346097249998,0.6952042291273657,0.7748872592646758,0.0,0.18905631082094798,0.23388135036385585,0.05105732252671522,0.18107095245405325,0.1652714804658885,0.8828122943868711,0.8114471118574786,0.6638597600684083,0.0,0.11405338107411422,0.28662568219740153,0.45014802398099224,0.28365269766035267,0.14044565602678252,0.13213401533383076,0.0,0.1607634377343527,0.6983542450748952,0.2361753522900835,0.16088016268818478,0.9541768554540342,0.6386410506341915,0.11976357393285215,0.9569435613718795,0.710006460253804,0.8054100534582567,0.29261039497469327,0.6904386091933765,0.40090301730095773,0.19876016574423444,0.07802702468350908,0.8181105665110734,0.28214081420029086,0.7525675924766136,0.13152740016286166,0.6006807981606163,0.41717960986449987,0.0,0.790453570734182,0.2672041402629216,0.4953546789004377,0.6697126893445625,0.3212076623618375,0.0,0.9441848169987112,0.5819913557703158,0.6324610054216576,0.3664116675404036,0.5956917264523222,0.2864534534787984,0.11960617373936408,0.511536664108109,0.6022395174930846,0.33825294841235715,0.8931886690738656,0.6712086224949384
176,0.22463491067368738,0.11219033828920244,0.0,0.0,0.030126562045318606,0.2311547228671386,0.0,0.11264975008086003,0.527653775403412,0.07266993179756844,0.41124303619155783,0.7410270376787818,1.0,0.5586038721227923,0.0,0.07479395868855856,0.2927011337578149,0.8462824422610397,0.29296783438964624,0.29340748829641883,0.10545312985885633,0.7680594040692171,0.08363269858141556,0.24829160443383486,0.022132844843461893,0.6670448929281274,0.38887909427879613,0.7150853621411817,0.42310884402419274,0.9122974956454504,0.0,0.7416329841608766,0.5441475123054885,0.39652815732812835,0.584686199856871,0.0,0.15487571067711065,0.1732648392715892,0.0020323349087913545,0.10399164807518285,0.1531728649643201,0.7989328370620615,0.7539066347399671,0.4434542829079717,0.0,0.07850033869272266,0.20172598367436168,0.3004445583359493,0.2209596065308508,0.07826056398399986,0.07252582552084218,0.0,0.12494919751968868,0.4899769969181551,0.13176289977129269,0.13834663818526033,0.8017498579861965,0.3789275864203515,0.06150445520190773,0.6544519370618893,0.7937012323888946,0.7626989549340967,0.2130025841489542,0.676123260221391,0.21157855492061153,0.18299819785896282,0.042979335421905775,0.7409222553280188,0.16076989749989323,0.675015376348913,0.11103841285835198,0.7309310832522529,0.23950193246703752,0.0,0.8229796567779285,0.15069980905899047,0.23409250878277263,0.8041901217272946,0.19136494207137433,0.0,0.752710259927077,0.640611193231167,0.3656587656017318,0.23061193985600384,0.6422912317861657,0.17586321237180294,0.06759116402120409,0.3681585121285053,0.39506530674642565,0.27201799392760395,0.6404731626112958,0.4256854246041599
177,0.29483206643222093,0.13070942392294937,0.0,0.0,0.07718498520125557,0.32642427651859984,0.0,0.17122506862188755,0.3892576960449837,0.0777749202158916,0.6257084934735194,0.7723891436305564,0.5586038721227923,1.0,0.0,0.18274950785133512,0.4713532780157684,0.39282891576661505,0.4915029177331193,0.29662975105944034,0.17651852684414615,0.8054349028478727,0.1264417534261083,0.4725636266441503,0.04084927900075763,0.3393099916745749,0.464399473569937,0.34993210276230313,0.3458588764637269,0.42699165052647514,0.0,0.29240823987243997,0.5929610224052504,0.5934392155982707,0.6408291243296712,0.0,0.1772168822783352,0.12145963493575955,0.013941248696596176,0.14843162577864596,0.1841847124398726,0.7914878110358253,0.5448739574295601,0.5742539068837063,0.0,0.05923782624006341,0.2857690642945552,0.3714096198418295,0.2513616555401531,0.18803097293451296,0.0862542038356851,0.0,0.1283724726802117,0.741790414695528,0.2322197845525394,0.2991444641501228,0.6936010900238642,0.7677375121663784,0.09443128212852085,0.7460450310911491,0.4079818645855937,0.4837885152141009,0.24342231817701987,0.3504225073241779,0.3399934061733156,0.11826355777625462,0.03811332867255799,0.4895671009410265,0.23053624216097018,0.8255119021525513,0.08287398062344273,0.3354346583189564,0.4393418597720996,0.0,0.473538451118766,0.26591313917103276,0.4727299693826505,0.3769028149365212,0.3281754339722192,0.0,0.6606523650043377,0.3067509108417593,0.6282462896720095,0.1708896372105024,0.29731868705853076,0.2837997280153565,0.1576435592721315,0.26494745310578355,0.613554320852339,0.16709388961892063,0.8639774910131066,0.7563393585586861
178,0.0,0.0,0.0,0.0,0.0,0.0,0.0,0.0,0.0,0.0,0.0,0.0,0.0,0.0,1.0,0.0,0.0,0.0,0.0,0.0,0.0,0.0,0.0,0.0,0.0,0.0,0.0,0.0,0.0,0.0,0.9452576636703522,0.0,0.0,0.0,0.0,0.8447032966204222,0.0,0.0,0.0,0.0,0.0,0.0,0.0,0.0,0.0,0.0,0.0,0.0,0.0,0.0,0.0,0.0,0.0,0.0,0.0,0.0,0.0,0.0,0.0,0.0,0.0,0.0,0.0,0.0,0.0,0.0,0.0,0.0,0.0,0.0,0.0,0.0,0.0,0.0,0.0,0.0,0.0,0.0,0.0,0.8540329714470025,0.0,0.0,0.0,0.0,0.0,0.0,0.0,0.0,0.0,0.0,0.0,0.0
179,0.6574745519771807,0.679496737140051,0.0,0.0,0.6797989066903883,0.1479135878540047,0.0,0.7337471707452341,0.18745924216674512,0.6191791116954493,0.0797874742496757,0.13554372925325123,0.07479395868855856,0.18274950785133512,0.0,1.0,0.3667740372141869,0.05190486536435427,0.24517184055109112,0.22030058328128807,0.7930677554026682,0.1663640218621914,0.7486157915172055,0.15379452599754984,0.5281953584374065,0.08300727668751626,0.039329348306057395,0.05480618931284327,0.18657502657413857,0.06447701062768778,0.0,0.011323452259098086,0.16671763150100047,0.13855105415813046,0.1910503781655534,0.0,0.7520303623895382,0.41365087568741576,0.4643089673916072,0.767078889374289,0.6953246244228519,0.14197696906829443,0.26606882819088523,0.23766753131897783,0.0,0.3579032925241362,0.7021672360552392,0.47579429501578124,0.6372208241919626,0.7869310421545778,0.6408575838635412,0.0,0.5909050772184067,0.12943054079959776,0.7962493462947564,0.6678985246403539,0.08330225420922514,0.1657762531647671,0.7737870290860465,0.10799279012002974,0.073535629219994,0.047594056608757256,0.6965858925309903,0.07424083107046095,0.2709662513601747,0.30587154990831616,0.3858699718252795,0.12305399867585509,0.13953547165105706,0.17392387262257566,0.38179371521233474,0.0769170465496751,0.3005045127408899,0.0,0.06947843537326001,0.32244722789720964,0.16207786718206055,0.07283517971855519,0.34574801839318636,0.0,0.06625461075837426,0.07139225325427301,0.268657735696941,0.3041940483492282,0.04832202876489233,0.46782329871432177,0.8593285907933057,0.2204710942975325,0.11894470062692038,0.21803183852227442,0.17612284929288,0.18872939963367635
180,0.423252372674668,0.3411987703664936,0.0,0.0,0.2731495565604877,0.6208711909050684,0.0,0.3203015598035693,0.36038968551864187,0.27071693928817503,0.4000364793166278,0.5243651003903952,0.2927011337578149,0.4713532780157684,0.0,0.3667740372141869,1.0,0.27065262668878504,0.6800766079635292,0.6001886451131012,0.3158866209061293,0.44990154658833603,0.35861277632477473,0.5184760396510866,0.21466337792833232,0.26851132815234485,0.36893465733591413,0.27925503293245296,0.5724467915337798,0.18840246416822762,0.0,0.15040692980745585,0.4216885674086774,0.5266737764866646,0.3954850208108907,0.0,0.3588137477047753,0.20924259585787996,0.2041529432421917,0.3986380791212721,0.3058448022358467,0.3913977832281289,0.42891108902431085,0.44510471903846616,0.0,0.1489817797139348,0.4738692353912177,0.5072620077671797,0.3577878988717412,0.37483612763182117,0.3007725700505828,0.0,0.2467865189857077,0.471249653978849,0.49135547007729874,0.33269086659066804,0.43022955878218,0.5160373848471466,0.3344100229169917,0.5504683906725538,0.2861136990956847,0.3144068964468862,0.3875865932409931,0.28851820253647165,0.6720119528365701,0.13349178036979498,0.1576925848966964,0.34077492012291194,0.41036106096372277,0.4951052951965371,0.16253809035222963,0.21742037413971976,0.7017861178692785,0.0,0.3513113867256728,0.5188933986352571,0.6525960164401878,0.2557483836702446,0.739579992732245,0.0,0.4267584406253127,0.21308903761633644,0.717644583684757,0.458064905273053,0.24717354934794866,0.6525074127850338,0.32449571701804136,0.3367108948952133,0.36557380233969156,0.5466222115034138,0.4708909167202797,0.6016771381349105
181,0.26513438404176,0.1788133545013641,0.0,0.0,-0.0027413729639219524,0.25965813434937296,0.0,0.06239132866086109,0.7055344077333942,0.09542181217635214,0.36464402024254683,0.6878028237014403,0.8462824422610397,0.39282891576661505,0.0,0.05190486536435427,0.27065262668878504,1.0,0.30506955364068683,0.4181842336478618,0.05814002556690707,0.6900821574678346,0.10002773314985641,0.2281373430147473,0.041389918567844776,0.9371218318976422,0.39161305977227384,0.9653314990617122,0.5465890825773936,0.7529799633360591,0.0,0.8220798198756716,0.6023269194033682,0.39069789793259396,0.578115128491289,0.0,0.13905879790221276,0.30522417009315606,0.040743113962226754,0.11443578110890747,0.09758490209155704,0.6934352115366653,0.8031818960022038,0.4441359007734519,0.0,0.13765743624769047,0.20981234702806809,0.3720156498460465,0.24952198226110373,0.06048411053983686,0.10912483522488156,0.0,0.14175005011245123,0.4403679083021331,0.1422148278440627,0.053695120893349255,0.7859382189902796,0.3115683897000533,0.08351217385854597,0.6073541592151349,0.9864765011373333,0.9150375695127873,0.24238030890654857,0.9113431125988714,0.2400024870659709,0.2519893218859009,0.08845641862620861,0.9013722060078365,0.16856552327204494,0.4736449845721008,0.15380634017866412,0.9186999624559796,0.21993640699113384,0.0,0.9497788173493303,0.1546020019965827,0.20883473310079423,0.9769901109489715,0.1531227430669599,0.0,0.7600566837189916,0.9108610791285005,0.34728863084230505,0.40203614848356134,0.9185205785507085,0.1874609247927749,0.02192025237380853,0.5396447899402085,0.3414045030194587,0.4142786774303875,0.5451227553907095,0.33861999451433755
183,0.43728761877603983,0.30342933024739194,0.0,0.0,0.10261010312168327,0.7842316193610629,0.0,0.20603704177990811,0.4901910705507532,0.19448468603208235,0.5080819666743357,0.5557324316706309,0.29296783438964624,0.4915029177331193,0.0,0.24517184055109112,0.6800766079635292,0.30506955364068683,1.0,0.7338762299248679,0.1988354542547792,0.5035371293562872,0.24991918868643398,0.7497459708669245,0.14496302899897764,0.3342154333977668,0.6034249387237707,0.3489086569675846,0.6220888779489425,0.19862443567070018,0.0,0.18156969048069668,0.6097564956643134,0.7636067546312177,0.5325073741370364,0.0,0.24831942188199516,0.22912657565904698,0.132882659273555,0.2740893069947715,0.20727906518098974,0.4291031470215068,0.43159343975519615,0.5929720829387037,0.0,0.14103151170440575,0.40401831573786906,0.5667945749575617,0.35599829720613246,0.24000521319082593,0.21511606512675432,0.0,0.2075938782442346,0.5589663887234851,0.390189902525803,0.1724908357765709,0.4975463068604646,0.6557910010585296,0.21539181900376542,0.5941478014177616,0.33415470378367046,0.4062790191943081,0.331433394330668,0.35895779249135296,0.7206924945593123,0.16201471121891195,0.13306527490651457,0.41578078796939055,0.49041875406238045,0.4978862290227822,0.15365701328393602,0.255391959172392,0.7855241959310466,0.0,0.39158351122511326,0.4172699373491732,0.7037507913791742,0.2935987771588115,0.4130183978751453,0.0,0.5027024228150783,0.2761945166112303,0.8706085475906729,0.5544314862234234,0.3278056752693355,0.5089831595220864,0.16705350235909022,0.49612619099162436,0.5357068011878111,0.5208710567026422,0.5776859303634252,0.7142079207954584
184,0.479206371996368,0.4047780295637446,0.0,0.0,0.10128466083398498,0.7628798038079163,0.0,0.21116382006572107,0.7160883124562543,0.2782509024916154,0.38497686552581883,0.49594844664335697,0.29340748829641883,0.29662975105944034,0.0,0.22030058328128807,0.6001886451131012,0.4181842336478618,0.7338762299248679,1.0,0.19402835193711218,0.43021036235085713,0.3076927113626494,0.5420231085848904,0.20734940402723392,0.5061680903856429,0.510636860823405,0.4941641836587902,0.8624330879966146,0.21312146966697937,0.0,0.25795632360679743,0.5816216419544186,0.6196724772664063,0.49518958065584967,0.0,0.3118899393944139,0.35634161036109907,0.1963588352320039,0.31465499923159257,0.22675922491232547,0.39012997727812476,0.5031983839198718,0.4894062286610899,0.0,0.20834386065410213,0.41500286254816027,0.6452976621600031,0.44697147692493294,0.20972234776763088,0.30097553902528584,0.0,0.28932128141537966,0.4489305735300173,0.35961419656832827,0.11093937581043974,0.5139185733360407,0.40914084768622533,0.28710323978803903,0.5160166773141536,0.46704517490274344,0.5476481454422533,0.423752722076827,0.5280803086294377,0.6626483323908576,0.24843570524152414,0.2074085291559944,0.5599495467595218,0.4616184196486409,0.37960108109463886,0.2212819881864017,0.3966899234479897,0.5593432495755468,0.0,0.48833483927222293,0.34994962726656725,0.5204939987580721,0.41992423493930525,0.3073759256356196,0.0,0.4859914955646767,0.4402681011929152,0.6563585315292327,0.8424869963007069,0.49447091374398466,0.42789841853592414,0.14548852493080328,0.6986957655700936,0.36632478227423265,0.7475388824509064,0.41187912059947773,0.4944190703112684
185,0.5959528455333442,0.7602197030117712,0.0,0.0,0.7050309769455071,0.1343289114081709,0.0,0.9502147686074739,0.18279442823483227,0.8254453995993896,0.08062185237971259,0.14543488867450438,0.10545312985885633,0.17651852684414615,0.0,0.7930677554026682,0.3158866209061293,0.05814002556690707,0.1988354542547792,0.19402835193711218,1.0,0.1740641999586995,0.8882037251880188,0.11815810167264253,0.7410234685659534,0.08606876349523582,0.04011820750009078,0.049727138052905316,0.17617212610648017,0.10928505648835231,0.0,0.005684929072309763,0.15104201912652251,0.12019110660126696,0.16660309802510895,0.0,0.9183743915015251,0.5287448339506368,0.6188747730813805,0.8669495946901633,0.9125974932964219,0.17642152952071244,0.30407653129497614,0.22568244253251465,0.0,0.521535113487529,0.5738683569716534,0.42949361812797837,0.7173809438494363,0.5511127531895368,0.7825391638401824,0.0,0.833706128398845,0.13904060388977202,0.6169704668494631,0.5793715695045917,0.10426182712581485,0.1459566090329641,0.890037555272968,0.11452127913381809,0.07257503774827283,0.05875582975138607,0.7971857684179202,0.07374797558566762,0.2315913872619892,0.46164112441723393,0.5867260683034836,0.1308081251983661,0.11533512748752012,0.22279677992406216,0.5909358321082239,0.08609373247766702,0.22354892117834876,0.0,0.07368970434300484,0.20839611849067363,0.13947274966351642,0.08367633330419498,0.2716758711791421,0.0,0.08340402273756442,0.06449856974965648,0.23662859417838936,0.2598802073514525,0.04729718681550545,0.31050521270106274,0.8978834523759875,0.20297666917635837,0.09922358799881396,0.18968081400580386,0.18551367738045252,0.18326791498506262
188,0.35727269962194397,0.213101511865988,0.0,0.0,0.06910770337912665,0.3786046352922263,0.0,0.17388765241957976,0.6556861775629128,0.13138036501884873,0.6167845530853966,0.955620018625287,0.7680594040692171,0.8054349028478727,0.0,0.1663640218621914,0.44990154658833603,0.6900821574678346,0.5035371293562872,0.43021036235085713,0.1740641999586995,1.0,0.1643266356770372,0.43891316830773375,0.07786540184547738,0.6271816039710209,0.5689276350693114,0.6303335067706184,0.5108065839754813,0.6438958352790947,0.0,0.5477712489780642,0.7371713461035513,0.6341557892537827,0.7459090097431006,0.0,0.21890889996559282,0.23956978081234634,0.051455463479096374,0.1888358718160188,0.20443380700737843,0.9550017360241235,0.792647844611383,0.6205954209521705,0.0,0.12198211084172512,0.3045043154917859,0.4520555476274242,0.32124169340513187,0.1531954045433172,0.13544879697656517,0.0,0.18751702124707553,0.6632430969437764,0.24261139979215351,0.21415023621352602,0.9327907173445443,0.5777119685190103,0.13666392515987008,0.8565520806233375,0.71463670534526,0.7913337745006337,0.3189935730570032,0.6504560234737338,0.3621028469499184,0.227118299678372,0.08970101007684968,0.8122227072158372,0.22559505470603033,0.7928704151893097,0.1480532872994729,0.6269300993628394,0.37297598257915204,0.0,0.7617072804630883,0.21942223704780434,0.3903796666239328,0.6882448550330144,0.3053232887837208,0.0,0.8944226901259907,0.5837491355058331,0.5892370388372573,0.3163661568012307,0.5650413053091903,0.3063939577802599,0.13692569759315434,0.47301171590431523,0.5373414318999294,0.304425930645701,0.9084638278233046,0.6535602831428081
189,0.677072906776894,0.9306925453166979,0.0,0.0,0.7467218748664676,0.20249115037509513,0.0,0.9047952251926653,0.2732940890814259,0.9300268016787315,0.08225812416028505,0.16315369820112097,0.08363269858141556,0.1264417534261083,0.0,0.7486157915172055,0.35861277632477473,0.10002773314985641,0.24991918868643398,0.3076927113626494,0.8882037251880188,0.1643266356770372,1.0,0.15503740696990917,0.8320441875307464,0.1686261741476956,0.06951445687559007,0.12174234519919713,0.27835412916118246,0.057487234390767125,0.0,0.007959397195694877,0.19347194589317107,0.16144334692762333,0.18871344780649627,0.0,0.9467095840373061,0.6870404716485259,0.7787462631451806,0.9855701982465869,0.8505269477802732,0.14846783446503356,0.36704151326605444,0.26173815853870647,0.0,0.6188272293108801,0.5883068281983679,0.5052780281817985,0.7063811430702359,0.5446446683146047,0.9482395704901322,0.0,0.8705816753123351,0.10441093588540075,0.6400064789060357,0.4352680786254657,0.11781320927329735,0.1310658020723284,0.9664273741877026,0.13745160734349307,0.1291452987228145,0.09856837665600295,0.8800523153310532,0.15742795572398668,0.24736830272549512,0.466643479989315,0.6728111807269815,0.19374981593310356,0.1495488735199954,0.16016320661469666,0.6469476550435634,0.14321898839125485,0.27349076384583937,0.0,0.11799291995786969,0.20322115795533768,0.1764633955146349,0.13899299060764078,0.2794842731158051,0.0,0.09497032044498455,0.14118893217237255,0.2605876649672797,0.42762027814797043,0.12163743121024748,0.3379922417940912,0.8422731119091867,0.3205574226688505,0.09981795364830202,0.32153525484293605,0.16896231351994007,0.17075705769840083
192,0.2984566562734209,0.19381892107980322,0.0,0.0,0.05322709481557754,0.7594977085202654,0.0,0.12496251334259362,0.3655612139487043,0.10674265262106773,0.6534901887803647,0.47755227730828675,0.24829160443383486,0.4725636266441503,0.0,0.15379452599754984,0.5184760396510866,0.2281373430147473,0.7497459708669245,0.5420231085848904,0.11815810167264253,0.43891316830773375,0.15503740696990917,1.0,0.07717889464585799,0.24034024684258798,0.7091035719842286,0.2529264859801412,0.4629882495576638,0.17647995279630818,0.0,0.15000784250922033,0.5126296408817389,0.8246865465346312,0.4784500815894351,0.0,0.1529232514376336,0.15709290720535993,0.06996078195468595,0.17527687495430228,0.14049613904235783,0.39556415212043294,0.3473694411889993,0.45296870105078124,0.0,0.08942943950894283,0.2459355467720707,0.3955330327184848,0.22101614128773486,0.1379203996839973,0.12392287433613373,0.0,0.12991435114361144,0.536745115023019,0.24528424854698727,0.11297853683850576,0.42303050274255016,0.6289704973270415,0.11894479674142545,0.5518486307739182,0.25141740502913706,0.32253596299755427,0.22873034342608553,0.2570004209134084,0.6095283132630486,0.11431940442547554,0.07681540027378272,0.31960965350357895,0.4870155989994165,0.43180858591325016,0.10294707072163638,0.19567063761285303,0.6154542997214567,0.0,0.3112375911978448,0.33787066019261724,0.7826877286800449,0.21943015555756076,0.3440102199798195,0.0,0.43962293943875197,0.1977693020469863,0.714131761888933,0.3767746776648104,0.235322065239578,0.33642281083009734,0.10233981870659263,0.35108290329834874,0.5836959037832906,0.3836882082664139,0.5314232651748054,0.6342709195699737
194,0.47744340200422014,0.7742511872316638,0.0,0.0,0.5888621472479005,0.11884606756861661,0.0,0.8273648663924098,0.18617665054824856,0.9576754142010635,0.010197543622861098,0.06673444696964263,0.022132844843461893,0.04084927900075763,0.0,0.5281953584374065,0.21466337792833232,0.041389918567844776,0.14496302899897764,0.20734940402723392,0.7410234685659534,0.07786540184547738,0.8320441875307464,0.07717889464585799,1.0,0.09611501081293838,0.009892334456232658,0.05088129938261844,0.2253813309651678,0.023924342409092268,0.0,-0.015179051087122987,0.10214102062404151,0.07882620782167456,0.10112814692020321,0.0,0.825237177634913,0.7127054908958145,0.9514361980497212,0.7812795369172342,0.7916578155627414,0.07354494779434755,0.22610601894653654,0.14829577195221655,0.0,0.8548149026902813,0.40650387262487314,0.35423684918023435,0.57168465706244,0.3595531983087262,0.9456313931690283,0.0,0.9035621390911202,0.03156986219774848,0.4051480544687991,0.31688884594263017,0.0458400818475694,0.04383556124098282,0.8441912682533317,0.042785127049448556,0.06926714887226945,0.04113955934036094,0.7123877478526043,0.09288292529259101,0.12823768320271609,0.5478833166135676,0.9279153267080731,0.11444552510308714,0.08374090365908217,0.09191528652591327,0.8537401084766563,0.1015643902486149,0.1695794490231312,0.0,0.05491369093998585,0.12372306796989022,0.09338529236531005,0.08700278020230556,0.17421485469654738,0.0,0.026468831813535702,0.09058659805534777,0.15023145581371206,0.3044398908923867,0.0642074346586841,0.22609954630425116,0.6285763787148599,0.22133669295497888,0.029012779724661698,0.25841857623348846,0.07036271219364917,0.09609448582043034
195,0.34962800531971977,0.2795661724671119,0.0,0.0,0.02064778280803477,0.29470430569758443,0.0,0.0950488499192967,0.8083596626982423,0.15852340293617673,0.3628167326770425,0.6441381371062295,0.6670448929281274,0.3393099916745749,0.0,0.08300727668751626,0.26851132815234485,0.9371218318976422,0.3342154333977668,0.5061680903856429,0.08606876349523582,0.6271816039710209,0.1686261741476956,0.24034024684258798,0.09611501081293838,1.0,0.4174308594343484,0.9948815470572285,0.5929815232295771,0.5825345145190415,0.0,0.7244064889164324,0.6354887449209842,0.42064460219725913,0.5811555324922149,0.0,0.18376957103095648,0.432296650365151,0.10419499037528732,0.17594062307704145,0.11225650399622333,0.614426403913332,0.8053166632331383,0.4612533732555924,0.0,0.20573264069228706,0.2507428490596712,0.436463746083663,0.3146851749889598,0.09318549662312872,0.17206994663970046,0.0,0.2062777235334031,0.4035873808303647,0.194077768774484,0.047717610278828516,0.7391456037207123,0.30011405995271523,0.14349471442488965,0.5821434098585121,0.9635456417047478,0.9159968462730518,0.3161158816062227,0.9740254435539962,0.2568212645063746,0.34413662925392363,0.15389900577190577,0.9267165027981894,0.1794599545585238,0.38567893175260826,0.21786422795552426,0.9222381960122101,0.2326878522182013,0.0,0.88659924109588,0.16510911117917737,0.2064014255538641,0.9436773524343783,0.1365698525349194,0.0,0.7098323782693282,0.9833056482083645,0.35590559040802816,0.5303518614398856,0.9788273833509016,0.20439998645322943,0.04224218228378678,0.6719627288464177,0.33582611317530975,0.44788367009983987,0.505290807548231,0.3132791551524617
197,0.21135962746776157,0.1097115253108509,0.0,0.0,-0.011335593095475011,0.6936173048139318,0.0,0.04160969723262151,0.508771266399239,0.040904001273535474,0.8086694792305239,0.6573206904776808,0.38887909427879613,0.464399473569937,0.0,0.039329348306057395,0.36893465733591413,0.39161305977227384,0.6034249387237707,0.510636860823405,0.04011820750009078,0.5689276350693114,0.06951445687559007,0.7091035719842286,0.009892334456232658,0.4174308594343484,1.0,0.43476480631871584,0.4338814614962114,0.28633497725221924,0.0,0.2623158957623874,0.6411810583383103,0.8464381508372767,0.5756342318027383,0.0,0.066161022595131,0.13640488199131917,0.002518633039707365,0.07508280254148197,0.0496773265575356,0.4934623729607199,0.48123398643283294,0.4843676656728965,0.0,0.047933734641397927,0.15567949673001213,0.31345962896723156,0.1471578685712702,0.046673347576730514,0.049696196246320865,0.0,0.06559515355806653,0.5741404885443412,0.13071507876897884,0.02282246254046199,0.6216245363946534,0.5729094846463251,0.031671555689290004,0.7432884177393558,0.4150625222866283,0.5345882288162286,0.14074488911249108,0.439776196126671,0.48599733187781713,0.11408126784101408,0.024786204436731702,0.5035588585545038,0.43741293122748237,0.43051988034877486,0.056676235247959096,0.33108332996523937,0.3934452893302376,0.0,0.505530401216943,0.23472248502304321,0.6154322255168545,0.3691504940458967,0.16729513358886028,0.0,0.6553045540482939,0.3587258326739006,0.5671033963416263,0.3223516445123573,0.42246375188761115,0.15753759046215046,0.019468446138851587,0.4274897977363808,0.6343738354946695,0.2729983177408267,0.5786103568004277,0.5501731508089731
