,152,153,156,158,164,169,171,172,173,176,177,179,180,181,183,184,185,188,189,192,194,195,197,200,206,209,213,215,218,220,222,223,224,225,226,228,229,232,236,237,242,244,246,248,252,256,257,260,261,262,263,265,267,268,271,274,276,278,280,281,283,285,286,287,289,2011,5058,5068,5071,5075,5078,5080,5081,5084,5085,5090,5092,5100,10044,10082,10153,10159
152,0.0,0.7566397046004217,0.41122782067677754,0.3281616566855454,0.5856775317484985,0.5396336594041339,0.5699224109965111,0.22990339530113404,0.3489866281602926,0.22463491067368738,0.29483206643222093,0.6574745519771806,0.423252372674668,0.26513438404176,0.4372876187760398,0.47920637199636795,0.5959528455333442,0.35727269962194397,0.677072906776894,0.29845665627342083,0.47744340200422014,0.34962800531971977,0.21135962746776157,0.2975711039902192,0.4261098298087476,0.17677517113903568,0.15263099156986917,0.4528071979203661,0.3364345403612726,0.4366441998297438,0.6641985965407257,0.5961117660118515,0.44274079837075503,0.71902022323518,0.5776664877376679,0.33676156994192075,0.5297227604169603,0.5048367795687145,0.436470906447653,0.7977245428804771,0.8241387371079293,0.8193457241835964,0.5621625345263651,0.6020153891479025,0.6120847491334147,0.2760525846890581,0.807831771959639,0.4103409486130932,0.3005595890709756,0.32477036448716756,0.6424879852997604,0.3010393898811349,0.30206145750497054,0.28782289028119357,0.80665475355081,0.3469970609369074,0.38936745374539367,0.45203666903448664,0.4260500698551813,0.3891340527191619,0.21795071456691942,0.3116021333245575,0.4623289010330845,0.31410471934039813,0.42335078966370354,0.2752792440417712,0.2426406967680425,0.2584116830555142,0.2986543878909671,0.25620145993490223,0.2608528832358461,0.3277814231732736,0.4671781671359771,0.5782707124261459,0.2890568063708012,0.4148675177541549,0.5320779242045989,0.6000994685169208,0.27949474073471664,0.37225427047995663,0.3755094158894681,0.3150698817680534
153,0.7566397046004217,0.0,0.5737792583367587,0.2504344674192484,0.7858080800357609,0.4157455369448535,0.8679654862150805,0.1063707427226999,0.2042602551897349,0.11219033828920244,0.13070942392294937,0.6794967371400509,0.3411987703664936,0.17881335450136407,0.30342933024739194,0.4047780295637446,0.7602197030117711,0.21310151186598797,0.9306925453166978,0.19381892107980322,0.7742511872316638,0.2795661724671119,0.1097115253108509,0.21659091187845825,0.387487034627741,0.0826834030236855,0.0789174063432059,0.2721446717656214,0.2106900146806574,0.24912006167857045,0.8804960437440601,0.831029909595409,0.725413398187568,0.9477187088645947,0.7588695482174209,0.19013932692581298,0.4441189075278719,0.31356247443345026,0.6579641632929627,0.5730099108827801,0.5992413386150557,0.7806787328457317,0.47360744515893255,0.8974589653304998,0.8913517895526696,0.1259313775794799,0.5977362892437322,0.3494436667662325,0.17597317943025106,0.14497596209474473,0.9189404096712807,0.17438928561851683,0.2151675041775865,0.19281685098076223,0.9531452215600877,0.265723677638473,0.26784307508666927,0.5751305105107941,0.6913264869480821,0.29750827307258854,0.16320626639971586,0.18552469490280604,0.6797356053545566,0.24937535688793303,0.28897323634376665,0.18526599774521652,0.17853373063223085,0.19082352354523677,0.22360853933661617,0.24208701130777624,0.14468691835862119,0.25828813609443874,0.30463641088434523,0.568508275168575,0.22635042968846453,0.3310362588298659,0.6719718667179686,0.46471866705070036,0.12729683097934016,0.41100019930714365,0.19830997530040334,0.19576348475838387
156,0.41122782067677754,0.5737792583367587,0.0,0.06231382073932963,0.7420278477796364,0.07242786280844522,0.6587736087264937,0.020205542144792955,0.0673421499700696,0.030126562045318606,0.07718498520125557,0.6797989066903883,0.2731495565604877,-0.0027413729639219524,0.10261010312168327,0.10128466083398498,0.705030976945507,0.06910770337912664,0.7467218748664675,0.05322709481557753,0.5888621472479004,0.02064778280803477,-0.011335593095475011,-0.0043217386360860895,0.07064324987936561,0.029293369520379888,-0.057732099659049976,0.06411430515795866,0.05743788835801363,0.07216165732530187,0.70433471653404,0.34726814888806107,0.5733385744902318,0.702278567254114,0.6734417047092514,0.05080266807560053,0.20151651130721734,0.1273296074394816,0.39093985786347857,0.4260791771319862,0.26766634744131046,0.37662711617653327,0.6034178893224748,0.6758075697514537,0.5429896250068627,0.036284376849247846,0.5344568031498689,0.5458154977163824,0.010525053268357929,0.06413223881687838,0.7042714869343804,0.05191032022619159,0.012293701997641435,-0.02641324476783163,0.5409798380123945,0.002072879273367958,0.10617818924475304,0.21173069504334704,0.4239275028149649,0.046708530725717366,0.061108365250822555,0.0645427426823266,0.4037634191518465,-0.007190743408837094,0.15915715367722771,0.023134865690573107,0.27281480978606043,0.07182760946558008,0.012476556939804056,0.3716933851077654,0.011237977195095422,-0.010455377918194684,0.12140745182869399,0.16529827222135876,-0.013830725913665689,0.3570157408299922,0.8740461793978183,0.10722682583278058,0.031531755982380075,0.11377369356227945,0.08658475547519331,0.05860698379858091
158,0.3281616566855454,0.2504344674192484,0.06231382073932963,0.0,0.14547136639771693,0.44092176153090634,0.16126185846980173,0.5466113393812773,0.45286236981721373,0.2311547228671386,0.32642427651859984,0.1479135878540047,0.6208711909050684,0.25965813434937296,0.7842316193610628,0.7628798038079162,0.1343289114081709,0.37860463529222627,0.2024911503750951,0.7594977085202654,0.1188460675686166,0.2947043056975844,0.6936173048139318,0.3048628494458215,0.6159870124155833,0.15020937447631752,0.15786263271387263,0.4673391901258407,0.7151191852049545,0.3895820199726735,0.1946520635807362,0.19356863623239734,0.11424848478395759,0.2135411789201191,0.1596718383863817,0.3238713949010674,0.35293472989228997,0.4236082010070843,0.11575305498393407,0.2890287812196616,0.4648999207308452,0.28992058044054886,0.1392586292974921,0.18246028786660481,0.17260519995517465,0.4591703568111167,0.26690084987376156,0.0805603255878121,0.43425086427349835,0.4826265388619385,0.1710559638143427,0.5329363494774728,0.2835005010138263,0.3686175708826803,0.27105685551359787,0.31568011967039594,0.7340208543489538,0.13696895721678215,0.11562166919619987,0.3541787337412502,0.5583134293719673,0.3804219518966593,0.12851820119415833,0.21756998122999816,0.6070716584333478,0.3471063568261139,0.3348238029934396,0.7449173366574304,0.24417113087058703,0.35267849561729725,0.4515199728171164,0.24134872979103938,0.6893903997947045,0.5207355075597195,0.28921343964137264,0.36541166143367937,0.10520324763629367,0.43561865605963734,0.450036745054402,0.5459527025972891,0.40327591106506094,0.5736343465016746
164,0.5856775317484985,0.7858080800357609,0.7420278477796364,0.14547136639771693,0.0,0.19247691485960464,0.8830812828023021,0.07435527822806778,0.14678536775444812,0.11264975008086003,0.17122506862188755,0.7337471707452341,0.3203015598035693,0.06239132866086109,0.2060370417799081,0.21116382006572107,0.9502147686074738,0.17388765241957974,0.9047952251926652,0.12496251334259362,0.8273648663924097,0.09504884991929669,0.04160969723262151,0.05581754931113797,0.2098490205014995,0.11780486742117596,0.0065325648986896,0.15696309983244108,0.12919040355301706,0.16809743142018585,0.9601098068535133,0.5748060591273207,0.730545348851345,0.8771396730977317,0.949369179726588,0.16607186269943247,0.3138331610838516,0.22946728006201947,0.5962547710595117,0.5519143246980861,0.4389649503594109,0.6626146126946366,0.5211703982956225,0.8628668072555526,0.8742438005106707,0.1285129538361745,0.5829873467519753,0.5186272404958447,0.10537607410554735,0.13596204104080972,0.8977559608126631,0.11816906474309465,0.07771777948297061,0.06165714697809395,0.805947097824418,0.07898981730652585,0.20293209133927614,0.46278715261342124,0.6723363675147926,0.14235833299516895,0.1190823650982078,0.22251615132332353,0.6660505795743495,0.08318719791159288,0.2335157050994607,0.08218638268616303,0.21024007998501149,0.14027272293635354,0.08807094861938794,0.2680347490627574,0.08654508636048919,0.06924046009080137,0.23300711964433293,0.28443555008747545,0.04916900521656087,0.30986237083087637,0.8507098221633178,0.2177364857412851,0.09134842607191225,0.21610366128128883,0.17553260153181932,0.1808797920888254
169,0.5396336594041339,0.4157455369448535,0.07242786280844522,0.44092176153090634,0.19247691485960464,0.0,0.25626613805236076,0.3795399060865503,0.6892986009717318,0.527653775403412,0.38925769604498367,0.18745924216674512,0.3603896855186418,0.705534407733394,0.49019107055075317,0.7160883124562542,0.18279442823483227,0.6556861775629127,0.2732940890814259,0.3655612139487043,0.18617665054824856,0.8083596626982423,0.508771266399239,0.7549553472581056,0.6886921694054955,0.4375792263807135,0.488005638354072,0.7564027154158116,0.5403589585589949,0.6775942533069494,0.2896599279361925,0.51911931467991,0.16994293315550835,0.2810682996746745,0.21516139771400467,0.6391374678547979,0.7744247625339608,0.6013359058326131,0.27884052375279483,0.38215418210777324,0.6497399005585162,0.49563479268539,0.16573054586574065,0.272550304496809,0.32161740710665754,0.4362623208180476,0.31201307654251903,0.09784788786427033,0.731743804465596,0.3912878503027168,0.2516944769034814,0.601022138248539,0.7569539650839794,0.8210807501835158,0.46473336901546675,0.8467348246782433,0.3679191857641253,0.4197845559918035,0.22729283183686494,0.8734958868858202,0.23249166704761515,0.44875260077825324,0.2949562325396192,0.742102911532871,0.3432401388515697,0.7117570894783533,0.23216949501315545,0.30593000770742257,0.7328942251271948,0.15968319648863438,0.6635026727082856,0.7724329317951724,0.47622484020164535,0.7259545208011281,0.7434046021478503,0.2885155376078253,0.11991882122781743,0.911444423561099,0.39971090514521496,0.5173894934317125,0.58402786899252,0.40937041596185586
171,0.5699224109965111,0.8679654862150805,0.6587736087264937,0.16126185846980173,0.8830812828023021,0.25626613805236076,0.0,0.039140926255426124,0.11903849898290536,0.07266993179756844,0.0777749202158916,0.6191791116954493,0.27071693928817503,0.09542181217635214,0.19448468603208235,0.2782509024916154,0.8254453995993896,0.13138036501884873,0.9300268016787315,0.10674265262106773,0.9576754142010634,0.15852340293617673,0.040904001273535474,0.11098444534341272,0.29671082260427994,0.06653678980398438,0.031875717530759864,0.15577479220753562,0.12112174133709638,0.1505773177923649,0.9271965729278493,0.7504457765678149,0.8626635733051587,0.8738760535003027,0.8396083982715438,0.12352379971735662,0.30689798269277174,0.2044122922540389,0.7640532117835577,0.49605459745138286,0.44124746527916603,0.673585588311601,0.4404593582112674,0.9901438619000841,0.9387952086829181,0.06824050672998547,0.49399068472536795,0.3733087709150232,0.09612284237488264,0.07483217918119592,0.9269795143750451,0.08846382293322741,0.13141854025310193,0.09519878151615013,0.8169243836092006,0.1537827293667977,0.17737892556610402,0.561914834004823,0.8368173356226927,0.17604878497644638,0.11427183575361993,0.1415670221928797,0.7929755438927681,0.16330083246936136,0.21172937675693224,0.10805433256924331,0.15456833936308734,0.1306591220983601,0.14680805824438195,0.2099766061366422,0.07232627229915041,0.15134220349611807,0.20136290823311606,0.3902661989216153,0.12079269607062601,0.2718071876912625,0.7154720103609171,0.28330774449737517,0.05900723418324478,0.32054686869573884,0.1184752662512279,0.13328325291749488
172,0.22990339530113404,0.1063707427226999,0.020205542144792955,0.5466113393812773,0.07435527822806778,0.3795399060865503,0.039140926255426124,0.0,0.659601063692702,0.4112430361915578,0.6257084934735194,0.0797874742496757,0.4000364793166277,0.36464402024254683,0.5080819666743357,0.3849768655258188,0.08062185237971259,0.6167845530853966,0.08225812416028505,0.6534901887803647,0.010197543622861098,0.36281673267704245,0.8086694792305239,0.38216630700821647,0.3494151557629363,0.2994514537580322,0.23613255866470612,0.5656182476505319,0.7572880746164801,0.5369699754075008,0.09314669657172471,0.10092013366819992,-0.001138199750864691,0.09804847947211426,0.091221089758812,0.550766814108898,0.4883742673377209,0.45709751167306195,0.0347476380847037,0.18613196734210227,0.29189015326363266,0.1477175067332124,0.08185567780028986,0.04922377752930928,0.07080855133891037,0.6742759322780933,0.15822631889460442,0.0970935560877291,0.5920278142950822,0.6588461188224061,0.04522981791192234,0.7768034805653973,0.3675689644752066,0.4677825982674745,0.16138303562683504,0.36433171152253263,0.43534642121896044,0.07706268135047806,0.013694456065100507,0.4587728874764149,0.3371995321596718,0.5199512859928823,0.04559153397893646,0.2805091378721034,0.38405612778658005,0.47527087829379566,0.21048008289079395,0.5889498377738497,0.3259742728785844,0.23163418534092708,0.6497233361764835,0.30117647975246714,0.652266468694192,0.20714592114078212,0.36757376644189665,0.18785686727590065,0.06817737178576196,0.28564307612447765,0.6983153033971581,0.19547532727095066,0.6599737997043577,0.5916694991001619
173,0.3489866281602926,0.2042602551897349,0.0673421499700696,0.45286236981721373,0.14678536775444812,0.6892986009717318,0.11903849898290536,0.659601063692702,0.0,0.7410270376787818,0.7723891436305563,0.13554372925325123,0.5243651003903951,0.6878028237014403,0.5557324316706309,0.49594844664335697,0.14543488867450435,0.9556200186252869,0.16315369820112097,0.47755227730828675,0.06673444696964263,0.6441381371062295,0.6573206904776808,0.6568680849867337,0.5467099912427154,0.5666354720578752,0.4822662541007304,0.7769346097249997,0.6952042291273656,0.7748872592646758,0.18905631082094795,0.23388135036385582,0.051057322526715215,0.18107095245405322,0.1652714804658885,0.882812294386871,0.8114471118574785,0.6638597600684083,0.11405338107411422,0.28662568219740153,0.45014802398099224,0.28365269766035267,0.14044565602678252,0.13213401533383076,0.16076343773435267,0.6983542450748952,0.2361753522900835,0.16088016268818478,0.9541768554540342,0.6386410506341915,0.11976357393285214,0.9569435613718794,0.7100064602538039,0.8054100534582566,0.29261039497469327,0.6904386091933764,0.4009030173009577,0.19876016574423444,0.07802702468350908,0.8181105665110734,0.28214081420029086,0.7525675924766136,0.13152740016286166,0.6006807981606161,0.41717960986449987,0.790453570734182,0.2672041402629216,0.4953546789004377,0.6697126893445625,0.3212076623618375,0.9441848169987112,0.5819913557703158,0.6324610054216576,0.3664116675404036,0.5956917264523222,0.2864534534787984,0.11960617373936408,0.5115366641081089,0.6022395174930846,0.33825294841235715,0.8931886690738656,0.6712086224949384
176,0.22463491067368738,0.11219033828920244,0.030126562045318606,0.2311547228671386,0.11264975008086003,0.527653775403412,0.07266993179756844,0.4112430361915578,0.7410270376787818,0.0,0.5586038721227923,0.07479395868855856,0.2927011337578149,0.8462824422610395,0.29296783438964624,0.29340748829641883,0.10545312985885631,0.7680594040692171,0.08363269858141556,0.24829160443383483,0.022132844843461893,0.6670448929281274,0.3888790942787961,0.7150853621411816,0.4231088440241927,0.9122974956454504,0.7416329841608766,0.5441475123054885,0.39652815732812835,0.5846861998568709,0.15487571067711065,0.1732648392715892,0.0020323349087913545,0.10399164807518285,0.1531728649643201,0.7989328370620614,0.7539066347399671,0.4434542829079716,0.07850033869272266,0.20172598367436168,0.3004445583359493,0.2209596065308508,0.07826056398399985,0.07252582552084218,0.12494919751968868,0.4899769969181551,0.13176289977129269,0.13834663818526033,0.8017498579861965,0.3789275864203515,0.061504455201907726,0.6544519370618893,0.7937012323888946,0.7626989549340967,0.2130025841489542,0.676123260221391,0.2115785549206115,0.1829981978589628,0.04297933542190577,0.7409222553280187,0.16076989749989323,0.675015376348913,0.11103841285835198,0.7309310832522529,0.23950193246703752,0.8229796567779284,0.15069980905899047,0.2340925087827726,0.8041901217272945,0.1913649420713743,0.752710259927077,0.640611193231167,0.3656587656017318,0.23061193985600384,0.6422912317861657,0.1758632123718029,0.06759116402120409,0.3681585121285053,0.3950653067464256,0.27201799392760395,0.6404731626112958,0.42568542460415987
177,0.29483206643222093,0.13070942392294937,0.07718498520125557,0.32642427651859984,0.17122506862188755,0.38925769604498367,0.0777749202158916,0.6257084934735194,0.7723891436305563,0.5586038721227923,0.0,0.1827495078513351,0.4713532780157684,0.39282891576661505,0.49150291773311927,0.29662975105944034,0.17651852684414612,0.8054349028478727,0.1264417534261083,0.47256362664415025,0.04084927900075763,0.3393099916745749,0.46439947356993694,0.34993210276230313,0.34585887646372687,0.4269916505264751,0.29240823987243997,0.5929610224052504,0.5934392155982707,0.6408291243296712,0.1772168822783352,0.12145963493575954,0.013941248696596176,0.14843162577864596,0.18418471243987258,0.7914878110358253,0.5448739574295601,0.5742539068837063,0.05923782624006341,0.2857690642945552,0.3714096198418295,0.2513616555401531,0.18803097293451293,0.08625420383568509,0.1283724726802117,0.741790414695528,0.23221978455253936,0.2991444641501228,0.6936010900238642,0.7677375121663782,0.09443128212852085,0.7460450310911491,0.40798186458559366,0.4837885152141008,0.24342231817701984,0.35042250732417785,0.3399934061733155,0.11826355777625461,0.03811332867255799,0.4895671009410265,0.23053624216097016,0.8255119021525513,0.08287398062344273,0.3354346583189564,0.43934185977209955,0.47353845111876597,0.26591313917103276,0.47272996938265044,0.3769028149365212,0.3281754339722192,0.6606523650043377,0.30675091084175926,0.6282462896720094,0.1708896372105024,0.29731868705853076,0.2837997280153565,0.1576435592721315,0.26494745310578355,0.6135543208523389,0.16709388961892063,0.8639774910131066,0.756339358558686
179,0.6574745519771806,0.6794967371400509,0.6797989066903883,0.1479135878540047,0.7337471707452341,0.18745924216674512,0.6191791116954493,0.0797874742496757,0.13554372925325123,0.07479395868855856,0.1827495078513351,0.0,0.3667740372141869,0.05190486536435426,0.2451718405510911,0.22030058328128807,0.793067755402668,0.1663640218621914,0.7486157915172054,0.15379452599754984,0.5281953584374065,0.08300727668751626,0.039329348306057395,0.05480618931284326,0.18657502657413857,0.06447701062768778,0.011323452259098086,0.16671763150100047,0.13855105415813046,0.1910503781655534,0.7520303623895382,0.41365087568741576,0.4643089673916072,0.767078889374289,0.6953246244228518,0.14197696906829443,0.2660688281908852,0.23766753131897783,0.35790329252413616,0.7021672360552391,0.47579429501578124,0.6372208241919626,0.7869310421545778,0.6408575838635412,0.5909050772184067,0.12943054079959776,0.7962493462947564,0.6678985246403539,0.08330225420922514,0.1657762531647671,0.7737870290860465,0.10799279012002973,0.073535629219994,0.04759405660875725,0.6965858925309902,0.07424083107046095,0.2709662513601747,0.3058715499083161,0.3858699718252795,0.12305399867585508,0.13953547165105706,0.17392387262257564,0.3817937152123347,0.0769170465496751,0.3005045127408899,0.06947843537326001,0.32244722789720964,0.16207786718206055,0.07283517971855519,0.3457480183931863,0.06625461075837426,0.07139225325427301,0.268657735696941,0.3041940483492282,0.04832202876489233,0.46782329871432177,0.8593285907933056,0.2204710942975325,0.11894470062692036,0.2180318385222744,0.17612284929288,0.18872939963367635
180,0.423252372674668,0.3411987703664936,0.2731495565604877,0.6208711909050684,0.3203015598035693,0.3603896855186418,0.27071693928817503,0.4000364793166277,0.5243651003903951,0.2927011337578149,0.4713532780157684,0.3667740372141869,0.0,0.27065262668878504,0.6800766079635292,0.6001886451131012,0.3158866209061293,0.44990154658833603,0.35861277632477473,0.5184760396510865,0.21466337792833232,0.2685113281523448,0.36893465733591413,0.2792550329324529,0.5724467915337798,0.18840246416822762,0.15040692980745585,0.42168856740867733,0.5266737764866646,0.39548502081089065,0.35881374770477525,0.20924259585787994,0.2041529432421917,0.398638079121272,0.30584480223584665,0.3913977832281289,0.4289110890243108,0.44510471903846616,0.1489817797139348,0.47386923539121767,0.5072620077671796,0.3577878988717411,0.3748361276318211,0.3007725700505828,0.2467865189857077,0.47124965397884894,0.4913554700772987,0.332690866590668,0.43022955878218,0.5160373848471466,0.3344100229169917,0.5504683906725538,0.2861136990956846,0.31440689644688613,0.3875865932409931,0.28851820253647165,0.67201195283657,0.13349178036979498,0.15769258489669638,0.34077492012291194,0.4103610609637227,0.4951052951965371,0.1625380903522296,0.21742037413971976,0.7017861178692785,0.35131138672567275,0.5188933986352571,0.6525960164401877,0.2557483836702446,0.7395799927322448,0.4267584406253127,0.21308903761633644,0.717644583684757,0.458064905273053,0.24717354934794863,0.6525074127850338,0.32449571701804136,0.3367108948952133,0.36557380233969156,0.5466222115034138,0.47089091672027966,0.6016771381349105
181,0.26513438404176,0.17881335450136407,-0.0027413729639219524,0.25965813434937296,0.06239132866086109,0.705534407733394,0.09542181217635214,0.36464402024254683,0.6878028237014403,0.8462824422610395,0.39282891576661505,0.05190486536435426,0.27065262668878504,0.0,0.30506955364068683,0.4181842336478618,0.05814002556690707,0.6900821574678345,0.10002773314985641,0.2281373430147473,0.04138991856784477,0.9371218318976421,0.39161305977227384,0.9653314990617121,0.5465890825773936,0.752979963336059,0.8220798198756715,0.6023269194033681,0.39069789793259396,0.578115128491289,0.13905879790221276,0.30522417009315606,0.040743113962226754,0.11443578110890745,0.09758490209155704,0.6934352115366653,0.8031818960022037,0.44413590077345183,0.13765743624769047,0.20981234702806806,0.37201564984604646,0.24952198226110373,0.060484110539836856,0.10912483522488155,0.14175005011245123,0.44036790830213307,0.14221482784406267,0.053695120893349255,0.7859382189902796,0.3115683897000533,0.08351217385854597,0.6073541592151349,0.9864765011373332,0.9150375695127873,0.24238030890654855,0.9113431125988712,0.2400024870659709,0.25198932188590084,0.08845641862620861,0.9013722060078365,0.1685655232720449,0.4736449845721008,0.15380634017866412,0.9186999624559796,0.21993640699113381,0.9497788173493302,0.1546020019965827,0.2088347331007942,0.9769901109489714,0.1531227430669599,0.7600566837189916,0.9108610791285003,0.347288630842305,0.4020361484835613,0.9185205785507085,0.18746092479277487,0.02192025237380853,0.5396447899402085,0.3414045030194587,0.4142786774303875,0.5451227553907095,0.33861999451433755
183,0.4372876187760398,0.30342933024739194,0.10261010312168327,0.7842316193610628,0.2060370417799081,0.49019107055075317,0.19448468603208235,0.5080819666743357,0.5557324316706309,0.29296783438964624,0.49150291773311927,0.2451718405510911,0.6800766079635292,0.30506955364068683,0.0,0.7338762299248678,0.19883545425477916,0.5035371293562872,0.24991918868643395,0.7497459708669245,0.14496302899897764,0.3342154333977668,0.6034249387237707,0.3489086569675846,0.6220888779489425,0.19862443567070015,0.18156969048069665,0.6097564956643134,0.7636067546312177,0.5325073741370364,0.24831942188199513,0.22912657565904695,0.132882659273555,0.27408930699477146,0.20727906518098974,0.42910314702150676,0.4315934397551961,0.5929720829387037,0.14103151170440573,0.40401831573786906,0.5667945749575616,0.3559982972061324,0.2400052131908259,0.2151160651267543,0.2075938782442346,0.5589663887234851,0.39018990252580293,0.1724908357765709,0.4975463068604645,0.6557910010585296,0.2153918190037654,0.5941478014177616,0.33415470378367046,0.40627901919430803,0.331433394330668,0.3589577924913529,0.7206924945593122,0.16201471121891195,0.13306527490651457,0.4157807879693905,0.4904187540623804,0.4978862290227821,0.15365701328393602,0.255391959172392,0.7855241959310466,0.3915835112251132,0.4172699373491732,0.7037507913791741,0.2935987771588115,0.4130183978751453,0.5027024228150783,0.27619451661123023,0.8706085475906729,0.5544314862234234,0.3278056752693355,0.5089831595220863,0.16705350235909022,0.4961261909916243,0.5357068011878111,0.5208710567026422,0.5776859303634252,0.7142079207954584
184,0.47920637199636795,0.4047780295637446,0.10128466083398498,0.7628798038079162,0.21116382006572107,0.7160883124562542,0.2782509024916154,0.3849768655258188,0.49594844664335697,0.29340748829641883,0.29662975105944034,0.22030058328128807,0.6001886451131012,0.4181842336478618,0.7338762299248678,0.0,0.19402835193711218,0.43021036235085713,0.3076927113626494,0.5420231085848904,0.2073494040272339,0.5061680903856429,0.510636860823405,0.49416418365879017,0.8624330879966146,0.21312146966697934,0.25795632360679743,0.5816216419544186,0.6196724772664063,0.4951895806558496,0.3118899393944139,0.356341610361099,0.1963588352320039,0.3146549992315925,0.22675922491232545,0.3901299772781247,0.5031983839198718,0.48940622866108985,0.20834386065410213,0.41500286254816027,0.6452976621600031,0.44697147692493294,0.20972234776763085,0.30097553902528584,0.28932128141537966,0.4489305735300173,0.35961419656832827,0.11093937581043972,0.5139185733360407,0.4091408476862253,0.287103239788039,0.5160166773141536,0.46704517490274344,0.5476481454422533,0.423752722076827,0.5280803086294377,0.6626483323908575,0.24843570524152414,0.20740852915599436,0.5599495467595218,0.46161841964864087,0.3796010810946388,0.2212819881864017,0.39668992344798965,0.5593432495755468,0.4883348392722229,0.3499496272665672,0.5204939987580721,0.41992423493930525,0.3073759256356196,0.4859914955646767,0.44026810119291515,0.6563585315292327,0.8424869963007068,0.49447091374398466,0.4278984185359241,0.14548852493080328,0.6986957655700936,0.3663247822742326,0.7475388824509064,0.4118791205994777,0.49441907031126836
185,0.5959528455333442,0.7602197030117711,0.705030976945507,0.1343289114081709,0.9502147686074738,0.18279442823483227,0.8254453995993896,0.08062185237971259,0.14543488867450435,0.10545312985885631,0.17651852684414612,0.793067755402668,0.3158866209061293,0.05814002556690707,0.19883545425477916,0.19402835193711218,0.0,0.17406419995869948,0.8882037251880188,0.11815810167264251,0.7410234685659534,0.08606876349523582,0.04011820750009078,0.049727138052905316,0.17617212610648014,0.1092850564883523,0.005684929072309762,0.1510420191265225,0.12019110660126694,0.16660309802510895,0.9183743915015251,0.5287448339506368,0.6188747730813805,0.8669495946901633,0.9125974932964218,0.1764215295207124,0.30407653129497614,0.22568244253251465,0.521535113487529,0.5738683569716534,0.42949361812797837,0.7173809438494363,0.5511127531895368,0.7825391638401824,0.833706128398845,0.13904060388977202,0.6169704668494631,0.5793715695045917,0.10426182712581483,0.1459566090329641,0.8900375552729679,0.11452127913381809,0.07257503774827283,0.05875582975138607,0.7971857684179201,0.07374797558566762,0.2315913872619892,0.46164112441723393,0.5867260683034836,0.1308081251983661,0.11533512748752012,0.22279677992406213,0.5909358321082239,0.08609373247766702,0.22354892117834874,0.07368970434300483,0.20839611849067363,0.13947274966351642,0.08367633330419497,0.2716758711791421,0.08340402273756442,0.06449856974965648,0.23662859417838936,0.2598802073514525,0.047297186815505446,0.31050521270106274,0.8978834523759875,0.20297666917635837,0.09922358799881395,0.18968081400580383,0.1855136773804525,0.18326791498506262
188,0.35727269962194397,0.21310151186598797,0.06910770337912664,0.37860463529222627,0.17388765241957974,0.6556861775629127,0.13138036501884873,0.6167845530853966,0.9556200186252869,0.7680594040692171,0.8054349028478727,0.1663640218621914,0.44990154658833603,0.6900821574678345,0.5035371293562872,0.43021036235085713,0.17406419995869948,0.0,0.1643266356770372,0.4389131683077337,0.07786540184547737,0.6271816039710209,0.5689276350693114,0.6303335067706184,0.5108065839754813,0.6438958352790947,0.5477712489780642,0.7371713461035513,0.6341557892537827,0.7459090097431005,0.2189088999655928,0.2395697808123463,0.05145546347909637,0.18883587181601877,0.2044338070073784,0.9550017360241234,0.7926478446113829,0.6205954209521704,0.12198211084172511,0.3045043154917859,0.4520555476274242,0.32124169340513187,0.1531954045433172,0.13544879697656517,0.1875170212470755,0.6632430969437763,0.24261139979215351,0.214150236213526,0.9327907173445442,0.5777119685190103,0.13666392515987008,0.8565520806233375,0.7146367053452599,0.7913337745006336,0.3189935730570032,0.6504560234737338,0.3621028469499184,0.227118299678372,0.08970101007684966,0.8122227072158371,0.22559505470603028,0.7928704151893096,0.1480532872994729,0.6269300993628394,0.37297598257915204,0.7617072804630882,0.21942223704780434,0.39037966662393275,0.6882448550330142,0.3053232887837208,0.8944226901259906,0.5837491355058331,0.5892370388372573,0.3163661568012307,0.5650413053091902,0.30639395778025985,0.13692569759315434,0.47301171590431523,0.5373414318999294,0.304425930645701,0.9084638278233045,0.6535602831428081
189,0.677072906776894,0.9306925453166978,0.7467218748664675,0.2024911503750951,0.9047952251926652,0.2732940890814259,0.9300268016787315,0.08225812416028505,0.16315369820112097,0.08363269858141556,0.1264417534261083,0.7486157915172054,0.35861277632477473,0.10002773314985641,0.24991918868643395,0.3076927113626494,0.8882037251880188,0.1643266356770372,0.0,0.15503740696990917,0.8320441875307463,0.1686261741476956,0.06951445687559007,0.12174234519919712,0.27835412916118246,0.057487234390767125,0.007959397195694877,0.19347194589317107,0.16144334692762333,0.18871344780649627,0.9467095840373061,0.6870404716485259,0.7787462631451806,0.9855701982465868,0.8505269477802732,0.14846783446503356,0.36704151326605444,0.26173815853870647,0.61882722931088,0.5883068281983679,0.5052780281817985,0.7063811430702358,0.5446446683146047,0.9482395704901321,0.8705816753123351,0.10441093588540074,0.6400064789060357,0.4352680786254657,0.11781320927329735,0.1310658020723284,0.9664273741877026,0.13745160734349307,0.1291452987228145,0.09856837665600293,0.8800523153310531,0.15742795572398668,0.24736830272549512,0.46664347998931494,0.6728111807269815,0.19374981593310353,0.1495488735199954,0.16016320661469666,0.6469476550435634,0.14321898839125485,0.27349076384583937,0.11799291995786969,0.20322115795533768,0.1764633955146349,0.13899299060764078,0.2794842731158051,0.09497032044498455,0.14118893217237255,0.26058766496727964,0.4276202781479704,0.12163743121024746,0.3379922417940912,0.8422731119091867,0.32055742266885046,0.09981795364830201,0.32153525484293605,0.16896231351994007,0.17075705769840083
192,0.29845665627342083,0.19381892107980322,0.05322709481557753,0.7594977085202654,0.12496251334259362,0.3655612139487043,0.10674265262106773,0.6534901887803647,0.47755227730828675,0.24829160443383483,0.47256362664415025,0.15379452599754984,0.5184760396510865,0.2281373430147473,0.7497459708669245,0.5420231085848904,0.11815810167264251,0.4389131683077337,0.15503740696990917,0.0,0.07717889464585799,0.24034024684258792,0.7091035719842285,0.2529264859801412,0.46298824955766377,0.17647995279630818,0.15000784250922033,0.5126296408817389,0.8246865465346311,0.4784500815894351,0.1529232514376336,0.15709290720535993,0.06996078195468595,0.17527687495430225,0.14049613904235783,0.3955641521204329,0.34736944118899926,0.45296870105078124,0.08942943950894283,0.2459355467720707,0.3955330327184848,0.22101614128773484,0.1379203996839973,0.12392287433613373,0.12991435114361144,0.536745115023019,0.24528424854698724,0.11297853683850574,0.4230305027425501,0.6289704973270415,0.11894479674142544,0.5518486307739182,0.25141740502913706,0.32253596299755427,0.22873034342608553,0.2570004209134084,0.6095283132630486,0.11431940442547553,0.07681540027378272,0.31960965350357895,0.4870155989994165,0.4318085859132501,0.10294707072163636,0.19567063761285303,0.6154542997214567,0.3112375911978447,0.33787066019261724,0.7826877286800449,0.21943015555756074,0.3440102199798195,0.43962293943875197,0.1977693020469863,0.7141317618889329,0.3767746776648104,0.23532206523957797,0.3364228108300973,0.10233981870659263,0.35108290329834874,0.5836959037832905,0.3836882082664139,0.5314232651748054,0.6342709195699737
194,0.47744340200422014,0.7742511872316638,0.5888621472479004,0.1188460675686166,0.8273648663924097,0.18617665054824856,0.9576754142010634,0.010197543622861098,0.06673444696964263,0.022132844843461893,0.04084927900075763,0.5281953584374065,0.21466337792833232,0.04138991856784477,0.14496302899897764,0.2073494040272339,0.7410234685659534,0.07786540184547737,0.8320441875307463,0.07717889464585799,0.0,0.09611501081293838,0.009892334456232658,0.05088129938261844,0.2253813309651678,0.023924342409092265,-0.015179051087122987,0.1021410206240415,0.07882620782167456,0.1011281469202032,0.825237177634913,0.7127054908958144,0.9514361980497212,0.7812795369172341,0.7916578155627413,0.07354494779434755,0.2261060189465365,0.14829577195221655,0.8548149026902813,0.40650387262487314,0.3542368491802343,0.57168465706244,0.3595531983087262,0.9456313931690283,0.90356213909112,0.03156986219774848,0.40514805446879903,0.31688884594263017,0.045840081847569394,0.04383556124098282,0.8441912682533316,0.042785127049448556,0.06926714887226945,0.04113955934036094,0.7123877478526043,0.09288292529259101,0.12823768320271609,0.5478833166135675,0.9279153267080731,0.11444552510308713,0.08374090365908217,0.09191528652591326,0.8537401084766562,0.1015643902486149,0.1695794490231312,0.05491369093998585,0.12372306796989022,0.09338529236531004,0.08700278020230555,0.17421485469654738,0.0264688318135357,0.09058659805534777,0.15023145581371206,0.3044398908923867,0.06420743465868409,0.22609954630425114,0.6285763787148598,0.22133669295497888,0.029012779724661694,0.25841857623348846,0.07036271219364917,0.09609448582043034
195,0.34962800531971977,0.2795661724671119,0.02064778280803477,0.2947043056975844,0.09504884991929669,0.8083596626982423,0.15852340293617673,0.36281673267704245,0.6441381371062295,0.6670448929281274,0.3393099916745749,0.08300727668751626,0.2685113281523448,0.9371218318976421,0.3342154333977668,0.5061680903856429,0.08606876349523582,0.6271816039710209,0.1686261741476956,0.24034024684258792,0.09611501081293838,0.0,0.4174308594343483,0.9948815470572285,0.5929815232295771,0.5825345145190414,0.7244064889164323,0.6354887449209842,0.4206446021972591,0.5811555324922149,0.18376957103095648,0.43229665036515097,0.1041949903752873,0.17594062307704142,0.11225650399622332,0.614426403913332,0.8053166632331382,0.4612533732555924,0.20573264069228703,0.2507428490596712,0.436463746083663,0.3146851749889598,0.09318549662312871,0.17206994663970043,0.2062777235334031,0.40358738083036466,0.19407776877448396,0.04771761027882851,0.7391456037207123,0.30011405995271523,0.14349471442488965,0.5821434098585121,0.9635456417047477,0.9159968462730518,0.31611588160622267,0.9740254435539962,0.2568212645063746,0.34413662925392363,0.15389900577190577,0.9267165027981893,0.17945995455852376,0.38567893175260826,0.2178642279555242,0.92223819601221,0.23268785221820126,0.8865992410958798,0.16510911117917737,0.20640142555386407,0.9436773524343783,0.13656985253491938,0.7098323782693281,0.9833056482083645,0.35590559040802816,0.5303518614398856,0.9788273833509015,0.20439998645322943,0.04224218228378678,0.6719627288464177,0.33582611317530975,0.4478836700998398,0.505290807548231,0.31327915515246163
197,0.21135962746776157,0.1097115253108509,-0.011335593095475011,0.6936173048139318,0.04160969723262151,0.508771266399239,0.040904001273535474,0.8086694792305239,0.6573206904776808,0.3888790942787961,0.46439947356993694,0.039329348306057395,0.36893465733591413,0.39161305977227384,0.6034249387237707,0.510636860823405,0.04011820750009078,0.5689276350693114,0.06951445687559007,0.7091035719842285,0.009892334456232658,0.4174308594343483,0.0,0.43476480631871584,0.4338814614962113,0.28633497725221924,0.26231589576238734,0.6411810583383102,0.8464381508372766,0.5756342318027383,0.066161022595131,0.13640488199131917,0.0025186330397073647,0.07508280254148197,0.049677326557535595,0.4934623729607198,0.48123398643283294,0.48436766567289646,0.047933734641397927,0.15567949673001213,0.31345962896723156,0.1471578685712702,0.04667334757673051,0.049696196246320865,0.06559515355806651,0.5741404885443412,0.13071507876897884,0.022822462540461986,0.6216245363946534,0.5729094846463251,0.03167155568929,0.7432884177393558,0.41506252228662827,0.5345882288162286,0.14074488911249108,0.43977619612667096,0.4859973318778171,0.11408126784101408,0.024786204436731702,0.5035588585545038,0.43741293122748237,0.4305198803487748,0.05667623524795909,0.33108332996523937,0.3934452893302376,0.505530401216943,0.2347224850230432,0.6154322255168545,0.36915049404589667,0.16729513358886028,0.6553045540482939,0.35872583267390057,0.5671033963416263,0.32235164451235726,0.4224637518876111,0.15753759046215046,0.019468446138851587,0.42748979773638074,0.6343738354946695,0.2729983177408267,0.5786103568004277,0.550173150808973
200,0.2975711039902192,0.21659091187845825,-0.0043217386360860895,0.3048628494458215,0.05581754931113797,0.7549553472581056,0.11098444534341272,0.38216630700821647,0.6568680849867337,0.7150853621411816,0.34993210276230313,0.05480618931284326,0.2792550329324529,0.9653314990617121,0.3489086569675846,0.49416418365879017,0.049727138052905316,0.6303335067706184,0.12174234519919712,0.2529264859801412,0.05088129938261844,0.9948815470572285,0.43476480631871584,0.0,0.5860193924403374,0.6160270069133573,0.7474484424598683,0.6401339939361301,0.4339526806641419,0.5888714267807842,0.1306974454724112,0.35484128459454245,0.059387954264434537,0.12935498833023693,0.07025672442157707,0.6073872747403262,0.7885999061688966,0.464583104130972,0.15268680268528087,0.21981229123139395,0.39810424308671055,0.2522997164395626,0.07320290231362814,0.12547148800683217,0.1452041297079204,0.42665082869148446,0.16683420907293994,0.031243153909762237,0.7472780653873148,0.31391385864540305,0.09212056512953125,0.6082100362017185,0.9737108198784427,0.907451991654235,0.24771620849460294,0.9477370539658068,0.2732859189393651,0.2827889622623856,0.10326505393942963,0.8959106564946587,0.2051490648847354,0.39446338592707386,0.16399833052299007,0.8934972268285521,0.2431684435333113,0.9206799866734643,0.16790040463024578,0.22407091405003668,0.9426710017467176,0.1460909381456446,0.7346050121854114,0.9498008887959618,0.3685065050543201,0.4990070720402868,1.0,0.196080164325061,0.014742249031886121,0.6310364450784749,0.35080454893107477,0.4587248120544897,0.5101774885334132,0.3286130788584008
206,0.4261098298087476,0.387487034627741,0.07064324987936561,0.6159870124155833,0.2098490205014995,0.6886921694054955,0.29671082260427994,0.3494151557629363,0.5467099912427154,0.4231088440241927,0.34585887646372687,0.18657502657413857,0.5724467915337798,0.5465890825773936,0.6220888779489425,0.8624330879966146,0.17617212610648014,0.5108065839754813,0.27835412916118246,0.46298824955766377,0.2253813309651678,0.5929815232295771,0.4338814614962113,0.5860193924403374,0.0,0.32448355870183343,0.38577647017573863,0.5593897715602124,0.5714148113043078,0.5088645705761311,0.33189827344329487,0.4121430434049931,0.20604179300030517,0.2978857128355962,0.25092158717038143,0.48493810640868995,0.5863181312966869,0.456865816495591,0.2604370032111611,0.371335295747825,0.6006946419964283,0.42952000403595436,0.1690320383696457,0.3107663088059585,0.31634306661016626,0.4613091807618322,0.28957197872729135,0.10992407306088961,0.6144899135021457,0.36189300273642805,0.273461247591001,0.5445974178963235,0.5911110650844399,0.6504109764070435,0.44136366217674544,0.6199719504794742,0.5067703537059809,0.2746252758687459,0.253483405009914,0.6332042185620046,0.3649601561280011,0.5101896000115456,0.2817996685696002,0.5273631743688056,0.47671010069436653,0.6017071341121537,0.2984277718224239,0.45329450677246985,0.5593965898366556,0.33206597812563104,0.5528770505456122,0.5449108848513587,0.5847809716801694,0.7813048690086793,0.5678420656069336,0.4048391212854058,0.10927535947637652,0.6346070914969427,0.32895020293945487,0.8424327302627274,0.42882559389266844,0.5184985312589484
