0.0,222.0,5058.0,172.0,192.0,251.0,261.0,213.0,256.0,2007.0,179.0,289.0,5081.0,183.0,262.0,239.0,228.0,10082.0,252.0,283.0,257.0,5100.0,276.0,285.0,169.0,5084.0,176.0,177.0,209.0,287.0,155.0,249.0,164.0,221.0,244.0,242.0,236.0,268.0,10159.0,5059.0,178.0,174.0,271.0,5077.0,184.0,229.0,189.0,234.0,152.0,173.0,223.0,248.0,220.0,280.0,215.0,5092.0,10164.0,200.0,2009.0,158.0,153.0,281.0,195.0,197.0,274.0,226.0,205.0,218.0,181.0,265.0,171.0,10034.0,212.0,278.0,224.0,5071.0,286.0,225.0,10044.0,5080.0,10153.0,2011.0,5075.0,260.0,185.0,237.0,180.0,5090.0,160.0,194.0,263.0,267.0,232.0,5068.0,188.0,175.0,156.0,154.0,5085.0,5078.0,246.0,206.0
222.0,1.0,0.60788272629621987,0.37431454034557432,0.49409355065751831,0.90913848442493717,0.72722322422155905,0.90118563438138244,0.46847534557048753,0.88270848719761275,0.42883526340163369,0.52426004361245115,0.4348949626953692,0.38676442328130461,0.49265002417082204,2.8024288883305375e-08,0.58168343273569967,0.79110367679616367,0.86282506694837158,0.30365340917063888,0.4520944906635268,0.55022157850942122,0.55815613473915304,0.81943457291073618,0.59045286949177977,0.51065512373711452,0.84225376786096584,0.79308039608806613,0.83122981597953682,0.97388477488418013,0.93293334092355795,0.66138970828659938,0.60617434390495228,0.8803933078032169,0.74484155278915853,0.66675297154342872,0.85492973425056007,0.70236775197794077,0.38650378703967686,0.97305087158272019,0.8627298633352587,0.76631502986475186,0.68076335390244602,0.65549711699924595,0.56976338930369852,0.68872115558974289,0.64918264856851893,0.45975113629229697,0.93158998681902672,0.84387323948844162,0.89942383712680807,0.88108965768892689,0.48758972622125474,0.65936165497272026,0.45012382052300298,0.53749457393916322,2.8024288883305375e-08,0.89954905971216692,0.50435454296339133,0.75933169248362542,0.92599372351544029,0.86866995837780725,0.85260341153712027,0.46159811818516394,0.81273272236445682,0.83816445952159402,0.23596107051583912,0.40667396844649073,0.85815963317507105,0.45241431356484724,0.86614147447118306,2.8024288883305375e-08,0.73701427352450288,0.4966576404012345,0.92911795285600307,0.82806174022285306,0.97126697486731928,0.94239006457961849,0.3121013453770351,0.85316444126059654,0.44482277614212934,0.81147687234177435,0.83962181690374049,0.4045706551292364,0.80734626822194944,0.75659751860800362,0.8296372451306302,0.4582746495948144,0.86078353663610696,0.85176945672075144,0.96563501170934352,0.87076202560432225,0.69165679236291333,0.48557397144531933,0.70467441729041314,0.27768885664291176,0.8069556794702808,0.66411375487483049,0.86799356455169807,0.42958603406255474,0.37292714327529847,0.88590807896495771
5058.0,0.60788272629621987,1.0,0.66714207365098521,0.90249115122524626,0.61856536314780086,0.87267926664885143,0.61623068194683528,0.79926690122428745,0.60705644409745585,0.75439867425693086,0.87775410390234099,0.62811282190985551,0.67382284320410812,0.90745570873647075,1.1265919243955896e-09,0.83013708681199749,0.42433852706426473,0.81683843734849337,0.39467470119076631,0.71581337008120727,0.68219418761519268,0.85928476378456886,0.69343287791072983,0.75468767569962303,0.60360845462311385,0.75379767291156896,0.7323329475355761,0.74589235379159646,0.57703932303928296,0.67611332478086883,0.85997468239809982,0.95909917491510799,0.5213666309254632,0.85406486147371363,0.87496553870025351,0.73113858756050165,0.81998145519807719,0.573472943273172,0.67207107418654899,0.74623459514904278,0.4798948356786501,0.86376235971718596,0.77318717611960364,0.75925482370065156,0.95235237623519764,0.9308703154676603,0.85434630599104611,0.74203641085273153,0.70257534809145405,0.4292094013393315,0.52867127183317308,0.64146048850441639,0.3520105336889402,0.60134402293117217,0.90585664578099767,1.1265919243955896e-09,0.5941284591631717,0.31507056656629795,0.85692115043745398,0.78209674973358201,0.77196003481396558,0.47173019442005942,0.86933114852900273,0.79662043018534989,0.86821813050633168,0.52275702829980653,0.74617012859760479,0.53823117537926113,0.87635601607015112,0.59551133683538926,1.1265919243955896e-09,0.48143073957015997,0.32171914998817519,0.6673167455473823,0.42500126809124883,0.59412793863971736,0.76420246965496541,0.48858757440253503,0.7551063786345914,0.72582735026896272,0.80069626227788859,0.79440290259430313,0.67555039218866331,0.82157932666473332,0.92464260404950382,0.77364839709305522,0.77524713742865581,0.78427712053012733,0.82772518188188382,0.66497112457355145,0.54233545706664121,0.92014218283769611,0.89273131723339005,0.90134434119716378,0.47756606950668534,0.81618067583148823,0.41511830979747727,0.68436960506837452,0.56527554150191373,0.66020544084241872,0.73223821113348786
172.0,0.37431454034557432,0.66714207365098521,1.0,0.85740775553517623,0.36144977291836095,0.62810310043495221,0.4247917187684026,0.91766315198969095,0.39796409585838749,0.85400657015779147,0.84880654043607473,0.92700768197137062,0.94264244334121816,0.79744179249610359,3.7871805754008899e-10,0.75463263442399886,0.34522800051905211,0.50854587245674143,0.66784317925750925,0.8845667402507742,0.81390608639809114,0.66562503291206132,0.49114299902401787,0.8221508939826625,0.83786636191374608,0.5217384749251468,0.55218905927191375,0.46653328760090484,0.37371622155484974,0.41781555097772871,0.66287792474871821,0.72289720138608893,0.41918359946354555,0.60663723670538783,0.73722549142926486,0.44313574424113689,0.66570619575553913,0.88871855153312107,0.41536439683799992,0.52283272818303062,0.37471911440627392,0.72028697439932876,0.65611157224834815,0.83142150832864437,0.67587567662679215,0.6751691647686211,0.87535278287018903,0.48457932758198963,0.54475919872636014,0.31683866850846037,0.36100416830257548,0.91165821663816904,0.2981742739370698,0.91993989218485983,0.79211194120170858,3.7871805754008899e-10,0.45628401307527056,0.32728322860442532,0.64322469391365411,0.49757428251651431,0.53321657240731979,0.38360171957877848,0.84074501684111957,0.55051759829559099,0.50646743681448336,0.80174595685124117,0.97012704798407112,0.42284041842443942,0.85721681343183842,0.33800931655895922,3.7871805754008899e-10,0.4054018608336683,0.30601155902547128,0.37999616862097907,0.3539293049473527,0.39637442701802944,0.47083006592192739,0.82706822416605941,0.50965561176723506,0.91350408820639828,0.57231987009351593,0.48326217329814108,0.80083714132623074,0.46093105688995351,0.63156671991615165,0.54761374208845903,0.88895494532201458,0.45019488120699069,0.53192662955732573,0.42571433075001208,0.43017206394477681,0.69405603636762148,0.77489754723149928,0.68066824044620633,0.78787588632947703,0.45855544621882122,0.32242942533002072,0.46479282350580192,0.85336201591084049,0.82130151560821318,0.52207142878236179
192.0,0.49409355065751831,0.90249115122524626,0.85740775553517623,1.0,0.48568847548959032,0.82570028415208285,0.54217928853021824,0.93318635801841632,0.49942151326077222,0.78429190523666881,0.96386237232652805,0.75556059193878156,0.81360663134263844,0.96949716769975125,6.5167007019701331e-10,0.86348113271927285,0.3775481857549291,0.70858131901291166,0.51201296632774762,0.78456556885670847,0.79332428623776552,0.86798773437650434,0.62407285020844228,0.84141160322947817,0.71867515137782645,0.67270112023529738,0.69687992384119624,0.63612476309251997,0.48200110271315449,0.55168052337447593,0.84398736501174332,0.9151196461679284,0.48732551882668473,0.79941807016241428,0.88952557084340134,0.62818301494497963,0.8294073485130693,0.70177252052606853,0.5480829518546867,0.67135403454496712,0.43198749195772118,0.86997273455893365,0.79987405912181142,0.85874710186304437,0.88403936325362631,0.87789431486401237,0.90060937474390901,0.64072280227684453,0.66489485198374854,0.36717580789966964,0.44258553480504459,0.78287601128412965,0.31611957483319186,0.74412166621385434,0.90691810778773063,6.5167007019701331e-10,0.54014951078820816,0.31804437148270848,0.8279330702367057,0.67053851185396041,0.700445685850132,0.42584654094454044,0.95813208718405773,0.73326298656387401,0.72415880538860722,0.67627700029715931,0.91149800372808643,0.48356719958945193,0.9695186146534045,0.45954843610268453,6.5167007019701331e-10,0.44327024737961085,0.30184819558294496,0.5397441063521885,0.38467083662859475,0.49920112552618467,0.63764272862875915,0.63098439249708516,0.68312204430300261,0.83181372262205699,0.73233145728031157,0.66212624645306972,0.68846269030978502,0.66765825303143878,0.84850927676593169,0.71071127211857466,0.8449220207136332,0.65089280710114117,0.72530177079921088,0.55177164283684399,0.49040126259382655,0.89798452105026172,0.93702921786250182,0.87291902734819626,0.62437215071245289,0.65856178600410831,0.36491992230652542,0.61598063622647015,0.6638070544321204,0.69668923288200924,0.66923174875237157
251.0,0.90913848442493717,0.61856536314780086,0.36144977291836095,0.48568847548959032,1.0,0.72010430496221145,0.82565437203419645,0.45637502748292175,0.9395275106095442,0.46839164964222069,0.51453333133990709,0.4333899766413159,0.39875635245410629,0.50232699600436337,4.4954782179469286e-08,0.59394876177095801,0.76502782418816051,0.75740506995905377,0.28341595250856827,0.48102991617977825,0.42546713355392518,0.53762046012666265,0.87359701958312197,0.48048488991534793,0.39055409884700876,0.8628503685517972,0.82134716774826311,0.84240052152663858,0.86910142840139781,0.96226742599855442,0.65101780520532704,0.61904424812285697,0.83894016091529677,0.68459676598645824,0.57385489093989106,0.694956177552009,0.57527335513731148,0.41305528695289079,0.92360670820691937,0.85379608524631823,0.79079075990994641,0.58124366087995882,0.52469683186680227,0.4529675064141791,0.66388085331152691,0.6569238611249133,0.4817512394264164,0.84923795667776658,0.8591370390508144,0.803084848009608,0.85635085175709502,0.42427766989146787,0.59567148140760962,0.39301350053442491,0.55382568791183584,4.4954782179469286e-08,0.89932973150077111,0.51329346772146756,0.70844854413050007,0.83911537191372743,0.73563236055916659,0.83966851401616205,0.47739958769472668,0.6772485604206171,0.80291466252451715,0.25965469162471333,0.40809848437307872,0.89949826791959009,0.47343880829872409,0.98941349180405491,4.4954782179469286e-08,0.79660106490833504,0.42714157989221141,0.81802861034007157,0.78580555580527611,0.91642194401079602,0.89296872416646833,0.33447111774262217,0.71281657190322045,0.47997462544724384,0.79897963048609488,0.88178155762538546,0.49148226951792517,0.85435868470217335,0.70537309711637719,0.82980589511956082,0.4746272386275967,0.76042393997103441,0.74090811456819217,0.93180082315133439,0.88006209473885799,0.65862411786988995,0.51059353758193815,0.67039141647259526,0.28825985231282575,0.7904882788639066,0.6424250810636376,0.69415310935691377,0.428596986249212,0.42580058714289876,0.79450699783809442
261.0,0.72722322422155905,0.87267926664885143,0.62810310043495221,0.82570028415208285,0.72010430496221145,1.0,0.81130468417805313,0.77324955825850705,0.65639976174724179,0.61202994793813892,0.83671558481328057,0.64712673812091825,0.60355453436350681,0.84435985031868444,2.0086710299481106e-09,0.89940233953816784,0.51681902514918077,0.89591792385599134,0.38661020760069092,0.63791999340714234,0.68235685615872921,0.81182390548273853,0.83038737265067097,0.75672913841241107,0.58225318603726839,0.89538464677998886,0.8022765499019443,0.9151568600950194,0.73255226792281958,0.76223277496088504,0.93982469689830983,0.87556869815480798,0.70061426224642998,0.90932161736858452,0.86765090983088089,0.80407783896223495,0.89393109411908633,0.6088162279649334,0.76986867428983308,0.90579730777462475,0.58977896020954235,0.86026296466224295,0.86381173130430944,0.74263902391767589,0.90675268706143974,0.89445390585746476,0.70434312154052892,0.82658185196819667,0.78863663892150959,0.53707093878272327,0.55881869609162305,0.66485968844764842,0.41870130201026207,0.59747121548128623,0.78536830300654903,2.0086710299481106e-09,0.72732438565950419,0.46232746933270708,0.92310660937624389,0.86310427455344985,0.88622720143849731,0.61482769019055517,0.83037915841459442,0.90499276818020302,0.89311488885683654,0.44147941171656868,0.69715170707668361,0.67861672411559315,0.81217617263378883,0.68951796892970374,2.0086710299481106e-09,0.59785730468568343,0.40590694883938166,0.72552214339575882,0.54777215869016449,0.6954389802611024,0.85042349408051465,0.49794821485482743,0.87894288937846587,0.72256121498549664,0.90705095000976199,0.79412356340053869,0.59167220478364113,0.87663017043724634,0.93429048907167789,0.80082038687446633,0.66359856603147249,0.80752982920602279,0.88016183901182599,0.73482209979583635,0.67250974491720705,0.95743150067410721,0.85909394456159927,0.97935945932340651,0.42080735431651273,0.78408704372507065,0.41897515962453924,0.79227860795519889,0.59064884487792479,0.53314202407076838,0.87714966926264371
213.0,0.90118563438138244,0.61623068194683528,0.4247917187684026,0.54217928853021824,0.82565437203419645,0.81130468417805313,1.0,0.52855708393327427,0.77247412139950122,0.39399681398840397,0.55320313616507666,0.4755576260033198,0.4039648379692492,0.55207434260222543,1.6086334384919895e-08,0.64693307547591183,0.67777016002744417,0.82377125276386032,0.31964002882577963,0.42434206305092204,0.55357194992764003,0.60820511164721003,0.85593156764796186,0.59643995845589737,0.48207619725842904,0.8935228338651795,0.81254009364908741,0.89858333208507668,0.93614623799516927,0.85778432708805785,0.72525447862916992,0.59944974288355102,0.92195257511871209,0.72716542520743199,0.66407329970820794,0.79447629953449894,0.76951303122482817,0.43407864916103928,0.88818627675453454,0.92755018429964053,0.70104549373885927,0.66149985753146889,0.76435809900277996,0.5852708293084169,0.66979706045063803,0.63302354107691894,0.44186748443555757,0.88239877379522591,0.84885316621403717,0.78076859152876743,0.73165993563694021,0.53281324210422654,0.53117775465843908,0.47581155082947479,0.50640731655012639,1.6086334384919895e-08,0.88931809502928971,0.5592848483924806,0.81180255095052667,0.88723982950810087,0.89604873532165974,0.81799135403064216,0.5321739603126161,0.83797164627704435,0.79711186828292835,0.2658104505305921,0.45867989771935563,0.82758846274202158,0.5084078176992668,0.78336709334969923,1.6086334384919895e-08,0.69880204091660081,0.44536395848330146,0.82710407729903657,0.74570580893898375,0.87231007041582309,0.88519074763910011,0.35293207135404492,0.89279208585320124,0.4837216644514914,0.87788203133175302,0.80647671602162196,0.37677061771958209,0.77441650408079232,0.74952227282688555,0.82320601828925177,0.43490577971722544,0.78820123648333063,0.82155927724290811,0.870382102697008,0.84840744786612787,0.74671927493197943,0.5614923573694055,0.77760751182956622,0.2940632280339831,0.76318056228124331,0.52144450882649229,0.87948115920399994,0.45713251108033992,0.34515296452111111,0.94478073653686345
256.0,0.46847534557048753,0.79926690122428745,0.91766315198969095,0.93318635801841632,0.45637502748292175,0.77324955825850705,0.52855708393327427,1.0,0.46733137101393785,0.81204062731261739,0.92873993364099872,0.85057084914200054,0.84667528297010719,0.88526956592351258,4.2843474796918847e-10,0.88352573594499284,0.3867993506182737,0.65024726342158479,0.55260129458724583,0.8314158522203634,0.84150909349833225,0.76586517725472403,0.57253601582659774,0.87826155085309354,0.78783777838782032,0.62995555338366005,0.62084618821271531,0.60155555347741163,0.46147930759724248,0.5096384223298156,0.80467967076644131,0.85406423472824722,0.49920217190674049,0.75566029488913933,0.85519718158442393,0.57079167968392186,0.80087286858050544,0.80386667077683005,0.51081845785931446,0.63453279309298993,0.43454712198281964,0.84081976552554027,0.7982592132413735,0.88528220883094,0.81990953614852358,0.80462083238435778,0.90020864606707285,0.57784028232971596,0.60518448225321742,0.36710915813988892,0.4123409317103236,0.87677697876357508,0.33295911256075916,0.83175196309680866,0.88008383135216273,4.2843474796918847e-10,0.51778319845711906,0.36905008752856916,0.74524338932651046,0.60377189247762098,0.65181809196837248,0.4405789703477313,0.91305100207790324,0.68557642283260933,0.65168356677832739,0.71221359798801975,0.95000910862728005,0.4841774879567281,0.93379389738104202,0.43215621211282296,4.2843474796918847e-10,0.46191170299942291,0.33773006002283845,0.48206768153384505,0.40082851544169096,0.46787295298458903,0.58026779802407791,0.69672931781324232,0.62604907255865938,0.90571837706350022,0.68208943209420125,0.57340899779712551,0.75424172598816763,0.59755857350339858,0.76930923411069019,0.61931522329836053,0.86257084779602289,0.57306524574556394,0.65566533451724807,0.51001404383189575,0.48860950657070701,0.81926127387385805,0.87759062214150596,0.82705259786560581,0.64886183164380173,0.56629116371780408,0.35766086091520433,0.56792099603660073,0.75807593563477671,0.72158534988579448,0.63209384548182879
2007.0,0.88270848719761275,0.60705644409745585,0.39796409585838749,0.49942151326077222,0.9395275106095442,0.65639976174724179,0.77247412139950122,0.46733137101393785,1.0,0.49068133598102331,0.52760545876201292,0.452027823515605,0.43621138098219842,0.49724925994355229,9.4278039832718886e-08,0.54249617766077574,0.86232641247022324,0.70131040168940495,0.33103481643244864,0.49925244871839292,0.45083737673538943,0.52418399117810766,0.8323634660752397,0.49940488287766027,0.43575290486689311,0.80803100446494458,0.81716648113740642,0.72726017682902544,0.83468573348025743,0.93699894647347737,0.60491666437489222,0.60610624427298831,0.85137311826964701,0.6290641455355277,0.57921881289811783,0.65366610762973243,0.56325544516124171,0.4283829699646387,0.90627315974006506,0.8016061386808313,0.85016476264642782,0.57952850865260319,0.51095810359650018,0.47813010469917439,0.64398671194986812,0.6250034860156426,0.49881161116463202,0.83229214592612011,0.86524373966308077,0.86710089291229475,0.93967486328911076,0.4504578272205943,0.68844066371311308,0.43445413751831335,0.55238192388511254,9.4278039832718886e-08,0.92565406395132255,0.55691587584727265,0.69689134101990369,0.81331719639767641,0.70802995087271059,0.90439293879161498,0.47070883544613423,0.6467079826207216,0.75416848141451143,0.28341308220806732,0.43075242742272712,0.94407536464776176,0.47572572520979295,0.92379092123455653,9.4278039832718886e-08,0.86903312716487524,0.4455624089013599,0.79526246546888724,0.86593048275869844,0.9214397245492908,0.85297636499235341,0.36523465790178483,0.67184665556265633,0.47504701749195427,0.76382811469104595,0.86927585299652632,0.47495070178131565,0.75933535491575399,0.68317771510223113,0.83278219867120939,0.49740289859959874,0.73553960576017174,0.7099766647471154,0.9441301097457877,0.92624355863009633,0.63578748946689645,0.48589852791932076,0.63142850571101639,0.3274944602997758,0.77587137128884043,0.77365315057048201,0.67533716280528233,0.44917433723041489,0.45305178148673653,0.76657460041488923
179.0,0.42883526340163369,0.75439867425693086,0.85400657015779147,0.78429190523666881,0.46839164964222069,0.61202994793813892,0.39399681398840397,0.81204062731261739,0.49068133598102331,1.0,0.81430629995833248,0.88922213437956943,0.92035700048214431,0.716618743628755,1.1067786457565124e-10,0.7554267186572885,0.38030435308776289,0.56600058448782209,0.59305762250489469,0.96300919665694429,0.78803860464158637,0.59265557423330006,0.46924696700240931,0.81021140666339475,0.84164081316333406,0.50368058684505757,0.49197059768261397,0.48741695192379975,0.39364527328838728,0.501008360272859,0.6445812893258196,0.80585816148927147,0.3571273013346325,0.66740474698529351,0.75131258346690766,0.47771654192852153,0.59956701191976602,0.8425521075163801,0.4820217468797075,0.49676912255795064,0.39632396318355073,0.74250297530226428,0.5796199552781256,0.79089315548903072,0.73703432074079323,0.75003652547160615,0.93488977535858253,0.51502000292088201,0.4877787360340281,0.33957345996533239,0.44047871703019637,0.86514668824453,0.34459333780593837,0.86811957388354566,0.87388141784975459,1.1067786457565124e-10,0.44724207753674378,0.30680787699209189,0.57391124573862373,0.53845143585745137,0.50673913292445727,0.38877506424248948,0.75155029924348393,0.54526657814980828,0.60642071520779117,0.71083738533038754,0.86532763637626453,0.43070116865812924,0.77937571878986933,0.45195610383241469,1.1067786457565124e-10,0.42100545901388414,0.34460571202874413,0.44701692425990169,0.36242914442143087,0.44655660494323529,0.53490949074801686,0.73564003779101728,0.49955206373399014,0.91145587512416015,0.52662219228179397,0.56027769542993211,0.94338178007767914,0.57385360604770763,0.68275827455457327,0.531513257770172,0.9726121659765421,0.53201585952549113,0.57086507322201208,0.4952777987306568,0.42787546374307461,0.67209445250881217,0.71111457417690449,0.6611570640712563,0.72821315356968586,0.55932277151061582,0.39225108004109815,0.42815681554138352,0.84624056919093094,0.93910265701592044,0.47819981218249485
289.0,0.52426004361245115,0.87775410390234099,0.84880654043607473,0.96386237232652805,0.51453333133990709,0.83671558481328057,0.55320313616507666,0.92873993364099872,0.52760545876201292,0.81430629995833248,1.0,0.80165484731905168,0.8311112204259925,0.92956333904416444,3.8609376314256302e-10,0.91592356362528915,0.4239713474472141,0.73185283276215829,0.51128004194747223,0.84319442989808568,0.84416350980513777,0.8159564428811098,0.62460340121684421,0.88376429884916008,0.7777467801738831,0.67981954912493914,0.66966094981503099,0.64952687286519728,0.51205042591398997,0.57560495030104664,0.86724954654772324,0.92360753651740912,0.51158531248192629,0.83361686694176118,0.90805757019209854,0.64737026020540844,0.84014389950636548,0.74071404063884183,0.57549550507602276,0.68402218195203157,0.47688464592886226,0.90147258925368934,0.81877940623071699,0.88542618788038907,0.89890035890763231,0.90276010004116736,0.9039640153422559,0.66310683375016188,0.65384535181650971,0.40234085691473304,0.47408281141381758,0.82197477043878431,0.36817559365996722,0.77301574647509241,0.93436345940686816,3.8609376314256302e-10,0.56243257763893773,0.35684941854525121,0.8171312387869536,0.68636110618074975,0.71170482480510744,0.4573892572630992,0.94478681871788073,0.75915252892409413,0.73543914964521795,0.64971919937388189,0.91145245625614923,0.51447175413064594,0.95232877417079931,0.48868525298980842,3.8609376314256302e-10,0.47365219279769438,0.35112524785590538,0.56427768501772213,0.42776716048012875,0.52915861763439831,0.66139950261153513,0.63676637127840896,0.69258163833471709,0.88085896238945405,0.72144144001641086,0.65228725552012934,0.74592496268683717,0.6958438389403343,0.86802539669418999,0.69433623490457852,0.88095997059289566,0.67267777419971986,0.73374579279388552,0.57240126515611056,0.51590597404603422,0.90134506714038987,0.90731680044691276,0.88472265000509909,0.60751742840339573,0.66549512719901449,0.40442046909236207,0.62239413374125752,0.70740115003353976,0.72917850657626215,0.67384792305469432
5081.0,0.4348949626953692,0.62811282190985551,0.92700768197137062,0.75556059193878156,0.4333899766413159,0.64712673812091825,0.4755576260033198,0.85057084914200054,0.452027823515605,0.88922213437956943,0.80165484731905168,1.0,0.94954420365275483,0.69059038557533325,8.1267416081377643e-11,0.77991800510304132,0.41688897432754723,0.53952134738607715,0.7003721706973105,0.93836017770127134,0.80561436153279686,0.55122505244204845,0.51765311657367108,0.82273076661152889,0.86333820209488876,0.55699722985824773,0.51834061067206127,0.52375225499123024,0.4375507100768572,0.47272190039820278,0.67031321362459995,0.70067249638372531,0.46119297901456729,0.6314950772335477,0.71712100738218787,0.45163529389621654,0.64769282223729019,0.96353702092851212,0.46620577551902209,0.56092657036991078,0.44827064515372622,0.71291031996488208,0.64231206013904396,0.80276126092366473,0.66578831124342985,0.66660178144104265,0.84125413513269087,0.50984431675103103,0.53792818793834796,0.37630872106114882,0.40038722867659721,0.94246643422883225,0.3698216116928133,0.95707678975230559,0.76636581738493303,8.1267416081377643e-11,0.50613517952909282,0.40311895306271583,0.60682437812222212,0.52964293097883375,0.55234809860183487,0.4571592378148025,0.7572189103357283,0.57205685761985869,0.52506063739404751,0.73146167119021599,0.90707482190591671,0.49172051403321043,0.76858712938887441,0.41067573694723103,8.1267416081377643e-11,0.48110085736104968,0.389677281894662,0.39939189823276983,0.4259641331821527,0.45282453194447647,0.51782292749314063,0.87455970550754869,0.53238518512468624,0.95238890983644087,0.57535574832488523,0.49252365907746598,0.89251015153554625,0.50355399419386904,0.63199634039994446,0.51988441145043462,0.90379618944963447,0.45516508490685154,0.54137326580948308,0.47149106537721053,0.49043533959679775,0.68039976263970692,0.70422135644772044,0.68915582529986052,0.78786320898577034,0.45289400903148908,0.36155066850896095,0.46858095002775824,0.9610254485191474,0.90052523959970332,0.54414761789355959
183.0,0.38676442328130461,0.67382284320410812,0.94264244334121816,0.81360663134263844,0.39875635245410629,0.60355453436350681,0.4039648379692492,0.84667528297010719,0.43621138098219842,0.92035700048214431,0.8311112204259925,0.94954420365275483,1.0,0.74784084449898924,1.6795615219138001e-10,0.72957392112779429,0.37160156049438398,0.50527420350274643,0.70668980337232279,0.9495265188066242,0.80163710432488589,0.62574408252574132,0.4863636397970314,0.80397555400604936,0.86179566952941133,0.51542837458044632,0.53414990322694955,0.46214495072183476,0.37829931460007038,0.45358398721620924,0.64276958017455965,0.73134561431310385,0.39803087720994268,0.60441213781174696,0.71906749229814282,0.42530919303818671,0.62202715298207156,0.91411853470132676,0.42953674372845352,0.51266235481354472,0.39505308020451896,0.70468103942497118,0.59483970528522745,0.80370362965176734,0.67731502353338846,0.68339190132688754,0.89224069579565002,0.49668098950403294,0.53634396871888268,0.32739533833784717,0.39420560935384813,0.91353239394671071,0.3230453913319643,0.93844332574675771,0.80127257806936303,1.6795615219138001e-10,0.47110214649838011,0.32676838479869341,0.61809495535605596,0.51023709453787425,0.51618659745130024,0.39317838899266572,0.78343489292896695,0.52765735446691864,0.51443556875163754,0.77802585515552047,0.93678819594372054,0.43940712543034294,0.8082596628883012,0.37770405860706763,1.6795615219138001e-10,0.42686458102646746,0.3300942879482065,0.38782407812088926,0.3670896988993525,0.42113104412336932,0.49117852363472092,0.84690204325501894,0.49504796720217675,0.93101763695916073,0.54971599695047546,0.51745755988473152,0.88283426310875879,0.48920688362742604,0.63488391675539035,0.54657687160971136,0.94479737441306511,0.45891149607838466,0.53010382034387415,0.45247572945509007,0.44106569355500208,0.68643967203801215,0.72779189707970826,0.65484625568078059,0.83516404807512901,0.48198785647416481,0.35633360231825256,0.4434656915130884,0.9114298079092229,0.92591284289649545,0.50188946091211373
262.0,0.49265002417082204,0.90745570873647075,0.79744179249610359,0.96949716769975125,0.50232699600436337,0.84435985031868444,0.55207434260222543,0.88526956592351258,0.49724925994355229,0.716618743628755,0.92956333904416444,0.69059038557533325,0.74784084449898924,1.0,9.3005137137984398e-10,0.84451977217871632,0.35801422667558519,0.70962552044059413,0.46247820706420623,0.72133517840587902,0.71295055371281379,0.89126815445319862,0.67043516947922877,0.76474578341239674,0.62501814248231691,0.71175698666157006,0.73744046182043754,0.66766725892565593,0.48863053620743724,0.56306963372125252,0.85605130220899772,0.89784789750435368,0.49117711965709754,0.78809164557607259,0.8486944487503012,0.63086265915689022,0.80743242244084523,0.65189097398258744,0.5531568611892772,0.70089047677893279,0.42256384198884062,0.82863523690929286,0.77499716373404892,0.78337244006404649,0.8811902437279282,0.88009590876076893,0.85369948838745791,0.65102543245818956,0.69154995978833655,0.3517579545641687,0.42164136459589013,0.69499705554127633,0.28553424656591991,0.66002701587609458,0.87479558457076534,9.3005137137984398e-10,0.54401765433461602,0.29656845293870809,0.84827966334340266,0.67342975153897733,0.70197379806137761,0.41361192332554886,0.96880510982119117,0.7313960851208583,0.73540548536134143,0.64137805541290005,0.86628607440101024,0.48926326470695602,0.96918401868839998,0.48529761833779805,9.3005137137984398e-10,0.4385599563948569,0.27050806052529675,0.54305942379646843,0.36902326893359438,0.49456891205900666,0.64967569796014479,0.60381257191810023,0.68515547115712272,0.78922087139772379,0.77014117282491334,0.69216999793091949,0.63894865207398022,0.71004945846549206,0.84927578824593941,0.72994898021340626,0.77437120665586612,0.65548222844963488,0.72950979543316286,0.54885984427450141,0.49176297775943423,0.90536223658927772,0.96781909067355421,0.87411017971470084,0.5672117334566944,0.68019805557383295,0.3288362737373749,0.61650926183082833,0.60800738242287,0.6357622099577851,0.67652819802227349
239.0,2.8024288883305375e-08,1.1265919243955896e-09,3.7871805754008899e-10,6.5167007019701331e-10,4.4954782179469286e-08,2.0086710299481106e-09,1.6086334384919895e-08,4.2843474796918847e-10,9.4278039832718886e-08,1.1067786457565124e-10,3.8609376314256302e-10,8.1267416081377643e-11,1.6795615219138001e-10,9.3005137137984398e-10,1.0,3.6502695115740578e-10,4.5900175537539053e-07,2.976758938673064e-09,4.3999762628806324e-08,8.3602082091742732e-11,1.7179175295301816e-10,3.0440151141641421e-09,1.9798697756553063e-08,1.93648857500579e-10,7.1711119346921653e-11,1.1752175115101887e-08,1.8258811209965168e-08,6.4377779749646656e-09,2.4057540707658538e-08,2.9918829585579664e-08,1.5377662985770256e-09,6.1547902885791612e-10,4.45847596871361e-08,1.0129680296161024e-09,5.4401433873252621e-10,3.7529771344849198e-09,1.1582252611815655e-09,1.0844913065751504e-10,2.2321694965648911e-08,1.0344954813178717e-08,2.3814956667933581e-07,5.5841835233945745e-10,8.2713060308161236e-10,2.3514438559489674e-10,1.0819816532416724e-09,8.8606229429955775e-10,2.4725482422887291e-10,1.1041687367765452e-08,2.6837135007499998e-08,1.4573220530949634e-07,1.4677979791120109e-07,1.3086063825489831e-10,2.2858461665398325e-06,1.2385495855392834e-10,3.3318667708807838e-10,1.0,5.6730435168703342e-08,7.9035051278518224e-06,3.8704506789341225e-09,9.0966008519110433e-09,4.9646904628845092e-09,1.9534157373098873e-07,5.6753545979171347e-10,2.2589670744081134e-09,3.7392150057298879e-09,1.3515007138175152e-09,3.6417012303116418e-10,1.2239181721119829e-07,5.4612222793982022e-10,5.0322807023302956e-08,1.0,4.5685677375067011e-07,0.0009140317430060067,1.2231953200517797e-08,2.8845638388006134e-07,4.5079014244576893e-08,1.1442068418544036e-08,2.6347526010853507e-10,4.1084376605772263e-09,1.1179377267178847e-10,7.9853790378149638e-09,1.7882831194832187e-08,7.768972242542823e-11,5.0469119319440341e-09,1.6503577077452074e-09,1.5901360182460578e-08,1.2418313131602366e-10,4.9510658238005127e-09,3.4352675601433166e-09,3.5817271686408686e-08,1.061003573159847e-07,1.4265408524557286e-09,7.86737193776064e-10,1.3720382949821136e-09,1.5382378890563898e-09,8.1172294778439106e-09,1.2356810746156473e-06,6.5221650868970266e-09,6.1645424766753179e-11,1.4137366355838618e-10,9.0944234436850372e-09
228.0,0.58168343273569967,0.83013708681199749,0.75463263442399886,0.86348113271927285,0.59394876177095801,0.89940233953816784,0.64693307547591183,0.88352573594499284,0.54249617766077574,0.7554267186572885,0.91592356362528915,0.77991800510304132,0.72957392112779429,0.84451977217871632,3.6502695115740578e-10,1.0,0.46266461301697659,0.7873228977565021,0.43343265975177159,0.78655387239390451,0.82238345272599767,0.72850163475203489,0.6575958794690453,0.87848073033676544,0.73551268135552483,0.7291802219682999,0.61715608265225064,0.77604385055586822,0.58869856441722779,0.61578523499418092,0.90616392736090612,0.90002441405245182,0.56924028838109852,0.89883060374617552,0.8964603045012256,0.68716182614320231,0.85354782440158838,0.71917858752092756,0.61665701810205853,0.73964531270016631,0.50650653990877681,0.9004099065058504,0.8627819285811511,0.85333581079240139,0.88473143179769353,0.8913230345064953,0.83383669410205574,0.66513902266104064,0.61714813259778634,0.44413702766565899,0.45623403172526245,0.79952720648460218,0.39370010285338553,0.72343366508206364,0.88745334709922319,3.6502695115740578e-10,0.58875742285972321,0.45228678742975098,0.77736164961527698,0.69479973713004695,0.7372477582259972,0.52473770173204382,0.88392838206246083,0.81318712052069708,0.76443620718613881,0.53760112320620745,0.82940672382376823,0.575000978559704,0.87591641578819868,0.57228341727740784,3.6502695115740578e-10,0.53352867599301224,0.41426100493649415,0.57117576083803467,0.47906245431512856,0.55661265152136896,0.68967308530194216,0.56736846071168945,0.73738242173628432,0.87630726867846154,0.73841021392461803,0.61937062455219338,0.73779345760282122,0.75298667940927122,0.86170804560890979,0.61809829404582306,0.80541953452674286,0.66951114951844337,0.75066615724899732,0.58327640249848511,0.56275849747962003,0.88695296983219918,0.87112288740163279,0.92254931895305459,0.49790513526808722,0.62836877743589015,0.37859862969413555,0.63842336990955684,0.6966970220302604,0.64809412149466672,0.70687698604257876
10082.0,0.79110367679616367,0.42433852706426473,0.34522800051905211,0.3775481857549291,0.76502782418816051,0.51681902514918077,0.67777016002744417,0.3867993506182737,0.86232641247022324,0.38030435308776289,0.4239713474472141,0.41688897432754723,0.37160156049438398,0.35801422667558519,4.5900175537539053e-07,0.46266461301697659,1.0,0.61920798951491574,0.31912195008475391,0.42214255497569797,0.49221663270996874,0.37960132942846148,0.62771255733775022,0.50837043267722548,0.48003886271128876,0.62351160671750905,0.60283397974116837,0.58143852252938322,0.78245460589893845,0.76740550451665512,0.49855846828646566,0.46116001761824654,0.78725258910697238,0.56064659720658683,0.52809405382798313,0.60628174739048979,0.53901077197557556,0.37030918970937338,0.76580089442452659,0.64086730906861011,0.82908905372634578,0.54372533551039492,0.50610122827800286,0.48914254961973719,0.51777237278941701,0.49308848858430032,0.38878626993712112,0.7125871160696986,0.68541219946150367,0.92945415817557042,0.91325891855093633,0.45421169114751875,0.90601363762721987,0.43885709257192224,0.4371041325586319,4.5900175537539053e-07,0.83599506069179508,0.71429847525062162,0.55527067990580492,0.6858787294422346,0.64042808460420175,0.94165688694682115,0.35158227499449468,0.60200320165749921,0.58842528992037091,0.21061797389870485,0.36379027493319593,0.89983633244113048,0.34920641634104843,0.74696395220150791,4.5900175537539053e-07,0.93321536718895803,0.52886559201255956,0.68731194511472771,0.97586295155095648,0.84493129456239835,0.70725437378303202,0.31733060413053504,0.62210655959416683,0.40470603769800356,0.59209011567322267,0.63449128257306109,0.36050885778885011,0.57071790688967616,0.55757343333206111,0.62284124596201162,0.41025776656167268,0.61481636255616678,0.62347889751884422,0.8054885612118805,0.88931734619828107,0.51977382487305301,0.35079776386702644,0.51937025974089701,0.27365802210692225,0.57586925101825504,0.91366924720132958,0.64062277891459662,0.42666341303529448,0.34647143062820773,0.6577312527714676
252.0,0.86282506694837158,0.81683843734849337,0.50854587245674143,0.70858131901291166,0.75740506995905377,0.89591792385599134,0.82377125276386032,0.65024726342158479,0.70131040168940495,0.56600058448782209,0.73185283276215829,0.53952134738607715,0.50527420350274643,0.70962552044059413,2.976758938673064e-09,0.7873228977565021,0.61920798951491574,1.0,0.34146702063354001,0.58312776379265929,0.71276983341390832,0.74307209054809686,0.73537355859713893,0.7644380540442548,0.63202606023732399,0.82060007860661877,0.72365718674529833,0.88088530520390451,0.84831565295541911,0.8168842981075477,0.85003674878626345,0.8316699024452745,0.70628216311885073,0.94512913802219889,0.8749429076841011,0.96183965167733421,0.89359648523522939,0.47450100408487494,0.87535098591547511,0.84928006295707248,0.59355253776049044,0.89228219627809491,0.84680317261307381,0.74962832990436967,0.9002890614144623,0.86710051881223293,0.63967596676529359,0.91202176221975306,0.72996263461109856,0.68680018090456929,0.68457424836754499,0.611152114682189,0.54624028422546178,0.55103180460888712,0.75014609782502206,2.976758938673064e-09,0.72727089892870755,0.43187697815624215,0.87445936060399387,0.93803947929259746,0.9414761823456812,0.64867561285010533,0.67322965598639484,0.95655898220040347,0.95428240683544274,0.33801573275615659,0.56708313384018294,0.66542802104892296,0.66380294500496018,0.70664506469434007,2.976758938673064e-09,0.5681233697001975,0.48937677683259551,0.89327565625792871,0.63124295258769192,0.81019995617605678,0.92432035351089203,0.37195792327272137,0.94354897449287045,0.59036441126848938,0.83695692755812123,0.77765904448532974,0.51883228895354083,0.88981353233049587,0.94071785572717792,0.76997574502773525,0.6086685698775155,0.9383900329432654,0.97290086906676743,0.82236161635158811,0.6739265302069527,0.88600906477301211,0.70337653786217902,0.89773203597382212,0.34121015602593391,0.83509953260587855,0.53373107603482595,0.90293475606445472,0.50567365115679475,0.46631513947359282,0.8879850648946539
283.0,0.30365340917063888,0.39467470119076631,0.66784317925750925,0.51201296632774762,0.28341595250856827,0.38661020760069092,0.31964002882577963,0.55260129458724583,0.33103481643244864,0.59305762250489469,0.51128004194747223,0.7003721706973105,0.70668980337232279,0.46247820706420623,4.3999762628806324e-08,0.43343265975177159,0.31912195008475391,0.34146702063354001,1.0,0.62862035585606879,0.52418230195786675,0.48407063876141032,0.3304672201962835,0.51004218519817446,0.6107276767037646,0.3605345601288108,0.38583007365657901,0.31403468911804888,0.30177935890012675,0.33182817632254152,0.40019335050142435,0.42842651852249575,0.34043237865866244,0.37147758929389174,0.45602923515021587,0.304804748224283,0.42930110338376948,0.72131140592449183,0.32629214140060792,0.37080597783793096,0.3095518120619607,0.44510971622859913,0.401936174677342,0.52359567433888032,0.41624178586820559,0.40129184196459855,0.53067935113354436,0.37597046681763568,0.40178619172894431,0.28759605901955526,0.32710260257663049,0.63722315593130952,0.28513860331063678,0.72108075791974113,0.46520899359409806,4.3999762628806324e-08,0.37147280166852131,0.29091279039767448,0.44775597570778725,0.37050269639012251,0.38006943656635206,0.3333163179446812,0.46833338368304733,0.36529329903999902,0.34314408293040977,0.5682073815462767,0.62074958768064303,0.34858078536162806,0.47958171905500635,0.25874611852943952,4.3999762628806324e-08,0.34306288084091346,0.2960153155991504,0.29891908731455519,0.31553519748133141,0.33130484668468063,0.35299764484917773,0.82921206645041878,0.35648262896640837,0.58629490568804243,0.39628073718534479,0.35206418912110221,0.59015150474897249,0.3020948577013734,0.41496493929722356,0.4043652457871752,0.59180775195422086,0.32776782928891141,0.36818171724935511,0.34768064433733697,0.36130460167055334,0.44266403730876425,0.4199346837557652,0.41990272457927147,0.84222218405425697,0.33195926487429483,0.31629482996622604,0.35313165802562674,0.77991257204565001,0.69897686417018656,0.3838459760660915
