0.0,222.0,5058.0,172.0,192.0,251.0,261.0,213.0,256.0,2007.0,179.0,289.0,5081.0,183.0,262.0,239.0,228.0,10082.0,252.0,283.0,257.0,5100.0,276.0,285.0,169.0,5084.0,176.0,177.0,209.0,287.0,155.0,249.0,164.0,221.0,244.0,242.0,236.0,268.0,10159.0,5059.0,178.0,174.0,271.0,5077.0,184.0,229.0,189.0,234.0,152.0,173.0,223.0,248.0,220.0,280.0,215.0,5092.0,10164.0,200.0,2009.0,158.0,153.0,281.0,195.0,197.0,274.0,226.0,205.0,218.0,181.0,265.0,171.0,10034.0,212.0,278.0,224.0,5071.0,286.0,225.0,10044.0,5080.0,10153.0,2011.0,5075.0,260.0,185.0,237.0,180.0,5090.0,160.0,194.0,263.0,267.0,232.0,5068.0,188.0,175.0,156.0,154.0,5085.0,5078.0,246.0,206.0
222.0,1.0,0.73858848419747991,0.58287636023038292,0.66272903377167891,0.93942565628329133,0.81814881614770607,0.33333335201619257,0.64565023038032499,0.92180565813174187,0.61922350893442246,0.68284002907496744,0.62326330846357947,0.59117628218753637,0.66176668278054807,0.33333335201619257,0.72112228849046645,0.86073578453077582,0.90855004463224776,0.20243560611375924,0.63472966044235124,0.70014771900628092,0.70543742315943536,0.87962304860715745,0.72696857966118655,0.67377008249140979,0.89483584524064386,0.86205359739204412,0.88748654398635785,0.98258984992278675,0.95528889394903871,0.77425980552439955,0.73744956260330152,0.33333335201619257,0.82989436852610565,0.7778353143622857,0.33333335201619257,0.80157850131862718,0.59100252469311787,0.98203391438848009,0.90848657555683909,0.84421001990983457,0.78717556926829735,0.33333335201619257,0.71317559286913246,0.792480770393162,0.76612176571234603,0.63983409086153131,0.95439332454601777,0.89591549299229445,0.93294922475120534,0.33333335201619257,0.65839315081416983,0.77290776998181343,0.63341588034866858,0.69166304929277544,0.33333335201619257,0.93303270647477798,0.33333335201619257,0.83955446165575032,0.95066248234362682,0.91244663891853817,0.90173560769141348,0.64106541212344259,0.87515514824297114,0.89210963968106272,0.49064071367722611,0.60444931229766052,0.9054397554500474,0.63494287570989816,0.91076098298078867,0.33333335201619257,0.82467618234966855,0.66443842693415633,0.33333335201619257,0.88537449348190211,0.98084464991154618,0.9615933763864124,0.5414008969180234,0.90210962750706436,0.62988185076141956,0.87431791489451616,0.89308121126916029,0.60304710341949097,0.87156417881463299,0.83773167907200241,0.88642483008708683,0.63884976639654301,0.33333335201619257,0.90117963781383426,0.97709000780622901,0.9138413504028815,0.79443786157527552,0.65704931429687952,0.80311627819360876,0.18512590442860785,0.33333335201619257,0.33333335201619257,0.91199570970113208,0.6197240227083699,0.58195142885019902,0.92393871930997185
5058.0,0.73858848419747991,1.0,0.77809471576732347,0.93499410081683088,0.74571024209853398,0.91511951109923428,0.33333333408439464,0.86617793414952493,0.73803762939830386,0.83626578283795394,0.91850273593489395,0.75207521460657034,0.78254856213607216,0.93830380582431383,0.33333333408439464,0.886758057874665,0.61622568470950989,0.87789229156566229,0.26311646746051087,0.81054224672080488,0.78812945841012849,0.90618984252304591,0.79562191860715326,0.83645845046641532,0.73573896974874253,0.83586511527437934,0.82155529835705077,0.83059490252773094,0.71802621535952194,0.78407554985391259,0.90664978826539988,0.97273278327673862,0.33333333408439464,0.90270990764914238,0.91664369246683564,0.33333333408439464,0.87998763679871816,0.71564862884878133,0.78138071612436599,0.83082306343269519,0.65326322378576673,0.90917490647812393,0.33333333408439464,0.83950321580043441,0.96823491749013169,0.95391354364510683,0.90289753732736411,0.82802427390182098,0.80171689872763607,0.61947293422622096,0.33333333408439464,0.76097365900294422,0.56800702245929346,0.73422934862078149,0.93723776385399837,0.33333333408439464,0.72941897277544776,0.33333333408439464,0.90461410029163591,0.85473116648905467,0.84797335654264361,0.64782012961337287,0.91288743235266845,0.8644136201235666,0.91214542033755441,0.68183801886653761,0.83078008573173656,0.69215411691950735,0.91757067738010079,0.7303408912235928,0.33333333408439464,0.65428715971343998,0.54781276665878342,0.33333333408439464,0.61666751206083259,0.72941862575981153,0.84280164643664357,0.65905838293502328,0.83673758575639423,0.81721823351264178,0.86713084151859243,0.86293526839620205,0.78370026145910876,0.88105288444315555,0.94976173603300251,0.84909893139537018,0.85016475828577054,0.33333333408439464,0.88515012125458925,0.77664741638236767,0.69489030471109414,0.94676145522513078,0.92848754482226015,0.93422956079810915,0.31837737967112356,0.33333333408439464,0.33333333408439464,0.78957973671224968,0.71018369433460915,0.77347029389494582,0.82149214075565846
172.0,0.58287636023038292,0.77809471576732347,1.0,0.90493850369011752,0.5742998486122407,0.75206873362330151,0.33333333358581202,0.94510876799312726,0.59864273057225825,0.90267104677186094,0.89920436029071649,0.95133845464758038,0.9617616288941454,0.86496119499740232,0.33333333358581202,0.83642175628266591,0.56348533367936804,0.67236391497116088,0.44522878617167283,0.92304449350051609,0.8759373909320608,0.77708335527470762,0.66076199934934532,0.881433929321775,0.89191090794249739,0.68115898328343116,0.70145937284794257,0.6443555250672699,0.58247748103656649,0.61187703398515247,0.7752519498324788,0.81526480092405917,0.33333333358581202,0.73775815780359189,0.82481699428617661,0.33333333358581202,0.77713746383702598,0.92581236768874742,0.61024293122533324,0.68188848545535363,0.58314607627084925,0.81352464959955251,0.33333333358581202,0.8876143388857628,0.78391711775119477,0.78344610984574736,0.91690185524679269,0.65638621838799305,0.6965061324842402,0.54455911233897358,0.33333333358581202,0.9411054777587794,0.53211618262471327,0.94662659478990652,0.86140796080113902,0.33333333358581202,0.6375226753835137,0.33333333358581202,0.76214979594243604,0.66504952167767628,0.68881104827154649,0.58906781305251898,0.89383001122741312,0.700345065530394,0.67097829120965569,0.86783063790082748,0.98008469865604741,0.61522694561629299,0.90481120895455902,0.55867287770597285,0.33333333358581202,0.6036012405557788,0.53734103935031419,0.33333333358581202,0.56928620329823509,0.59758295134535289,0.64722004394795152,0.88471214944403964,0.67310374117815674,0.94233605880426552,0.71487991339567725,0.65550811553209398,0.86722476088415379,0.64062070459330234,0.75437781327743447,0.69840916139230602,0.92596996354800964,0.33333333358581202,0.68795108637155045,0.61714288716667476,0.62011470929651791,0.79603735757841443,0.84993169815433289,0.78711216029747089,0.52525059088631798,0.33333333358581202,0.33333333358581202,0.64319521567053461,0.90224134394056021,0.88086767707214209,0.68138095252157449
192.0,0.66272903377167891,0.93499410081683088,0.90493850369011752,1.0,0.65712565032639347,0.88380018943472194,0.33333333376778002,0.95545757201227755,0.66628100884051478,0.85619460349111254,0.9759082482176854,0.83704039462585433,0.87573775422842559,0.9796647784665008,0.33333333376778002,0.90898742181284853,0.5850321238366194,0.80572087934194114,0.34134197755183177,0.85637704590447239,0.86221619082517709,0.91199182291766956,0.74938190013896155,0.89427440215298548,0.81245010091855097,0.78180074682353151,0.79791994922746412,0.75741650872834665,0.6546674018087697,0.70112034891631725,0.89599157667449558,0.94341309744528556,0.33333333376778002,0.86627871344160956,0.92635038056226759,0.33333333376778002,0.88627156567537957,0.80118168035071236,0.69872196790312435,0.78090268969664478,0.62132499463848079,0.91331515637262239,0.33333333376778002,0.90583140124202954,0.92269290883575084,0.91859620990934154,0.93373958316260597,0.76048186818456298,0.77659656798916565,0.57811720526644639,0.33333333376778002,0.85525067418941969,0.54407971655546128,0.8294144441425696,0.93794540519182046,0.33333333376778002,0.69343300719213874,0.33333333376778002,0.88528871349113702,0.78035900790264023,0.800297123900088,0.61723102729636026,0.97208805812270516,0.82217532437591601,0.81610587025907144,0.78418466686477295,0.94099866915205765,0.65571146639296796,0.97967907643560304,0.63969895740178961,0.33333333376778002,0.6288468315864072,0.53456546372196334,0.33333333376778002,0.58978055775239646,0.66613408368412308,0.7584284857525061,0.75398959499805684,0.78874802953533507,0.88787581508137137,0.82155430485354108,0.77475083096871311,0.79230846020652335,0.77843883535429248,0.89900618451062109,0.80714084807904973,0.89661468047575543,0.33333333376778002,0.81686784719947392,0.70118109522456262,0.66026750839588433,0.93198968070017452,0.95801947857500114,0.91527935156546414,0.41624810047496857,0.33333333376778002,0.33333333376778002,0.7439870908176468,0.77587136962141356,0.7977928219213396,0.77948783250158105
251.0,0.93942565628329133,0.74571024209853398,0.5742998486122407,0.65712565032639347,1.0,0.81340286997480771,0.33333336330318813,0.63758335165528113,0.95968500707302951,0.64559443309481379,0.67635555422660476,0.62225998442754393,0.59917090163607079,0.66821799733624232,0.33333336330318813,0.72929917451397197,0.84335188279210704,0.83827004663936922,0.1889439683390455,0.65401994411985209,0.61697808903595008,0.69174697341777502,0.91573134638874798,0.65365659327689862,0.59370273256467254,0.9085669123678648,0.88089811183217537,0.89493368101775905,0.91273428560093184,0.97484495066570298,0.76734520347021806,0.74602949874857138,0.33333336330318813,0.78973117732430553,0.71590326062659404,0.33333336330318813,0.71684890342487428,0.60870352463526045,0.9490711388046128,0.90253072349754548,0.86052717327329764,0.72082910725330596,0.33333336330318813,0.63531167094278607,0.77592056887435135,0.7712825740832755,0.65450082628427764,0.89949197111851109,0.90609135936720964,0.86872323200640533,0.33333336330318813,0.61618511326097858,0.73044765427173974,0.59534233368961653,0.70255045860789045,0.33333336330318813,0.93288648766718074,0.33333336330318813,0.80563236275366668,0.89274358127581832,0.82375490703944443,0.89311234267744144,0.65159972512981779,0.78483237361374469,0.86860977501634473,0.50643646108314222,0.60539898958205252,0.93299884527972665,0.64895920553248276,0.99294232786936998,0.33333336330318813,0.86440070993889007,0.61809438659480753,0.33333336330318813,0.85720370387018407,0.94428129600719724,0.92864581611097885,0.55631407849508141,0.80854438126881367,0.65331641696482923,0.86598642032406337,0.92118770508359038,0.66098817967861678,0.90290578980144887,0.80358206474425142,0.88653726341304051,0.6497514924183978,0.33333336330318813,0.82727207637879474,0.95453388210088963,0.92004139649257199,0.77241607857992667,0.6737290250546254,0.78026094431506354,0.19217323487521717,0.33333336330318813,0.33333336330318813,0.79610207290460921,0.6190646574994747,0.61720039142859917,0.86300466522539632
261.0,0.81814881614770607,0.91511951109923428,0.75206873362330151,0.88380018943472194,0.81340286997480771,1.0,0.33333333467244736,0.84883303883900474,0.77093317449816112,0.74135329862542587,0.89114372320885371,0.76475115874727884,0.73570302290900447,0.89623990021245625,0.33333333467244736,0.93293489302544519,0.67787935009945388,0.9306119492373276,0.25774013840046062,0.75861332893809497,0.78823790410581951,0.87454927032182572,0.88692491510044735,0.83781942560827405,0.72150212402484559,0.93025643118665924,0.86818436660129628,0.94343790673001282,0.82170151194854635,0.84148851664058999,0.95988313126553992,0.91704579876987202,0.33333333467244736,0.93954774491238968,0.91176727322058726,0.33333333467244736,0.92928739607939093,0.73921081864328897,0.84657911619322201,0.93719820518308306,0.72651930680636168,0.90684197644149533,0.33333333467244736,0.82842601594511722,0.93783512470762653,0.92963593723830984,0.80289541436035261,0.88438790131213108,0.85909109261433969,0.69138062585514881,0.33333333467244736,0.77657312563176573,0.61246753467350812,0.73164747698752419,0.85691220200436602,0.33333333467244736,0.81821625710633616,0.33333333467244736,0.94873773958416263,0.90873618303563319,0.92415146762566491,0.74321846012703674,0.88691943894306302,0.93666184545346864,0.92874325923789103,0.62765294114437908,0.79810113805112248,0.78574448274372877,0.87478411508919252,0.79301197928646916,0.33333333467244736,0.73190486979045566,0.60393796589292104,0.33333333467244736,0.69851477246010962,0.79695932017406823,0.90028232938700981,0.66529880990321832,0.91929525958564395,0.81504080999033113,0.93803396667317462,0.86274904226702576,0.72778146985576075,0.91775344695816419,0.95619365938111855,0.86721359124964426,0.77573237735431499,0.33333333467244736,0.92010789267455062,0.82321473319722427,0.78167316327813807,0.9716210004494048,0.90606262970773288,0.98623963954893767,0.28053823621100848,0.33333333467244736,0.33333333467244736,0.86151907197013256,0.72709922991861653,0.68876134938051214,0.91809977950842914
213.0,0.33333335201619257,0.33333333408439464,0.33333333358581202,0.33333333376778002,0.33333336330318813,0.33333333467244736,1.0,0.33333333361895651,0.3333333961853599,0.33333333340711863,0.33333333359072914,0.33333333338751164,0.33333333344530414,0.33333333395336756,1.0,0.3333333335766846,0.33333363933450361,0.33333333531783932,2.9333175085870882e-08,0.33333333338906806,0.3333333334478612,0.33333333536267679,0.33333334653246521,0.3333333334624326,0.33333333338114074,0.33333334116811675,0.33333334550587418,0.3333333376251853,0.33333334937169384,0.33333335327921976,0.33333333435851081,0.33333333374365265,1.0,0.33333333400864534,0.33333333369600959,1.0,0.33333333410548355,0.33333333340563276,0.33333334821446331,0.33333334022996985,0.33333349209971114,0.33333333370561219,1.0,0.33333333349009625,0.33333333405465443,0.33333333392404157,0.33333333349816985,0.33333334069445825,0.33333335122475666,0.33333343048813685,1.0,0.33333333342057375,0.33333485723077771,0.33333333341590327,0.3333333335554578,1.0,0.33333337115362344,1.0,0.33333333591363373,0.33333333939773385,0.33333333664312698,0.33333346356104915,0.33333333371169033,0.33333333483931143,0.33333333582614338,0.33333333423433381,0.33333333357611344,0.33333341492787816,0.33333333369741486,0.33333336688187137,1.0,0.33333363790451581,0.33394268782867065,1.0,0.33333352563758928,0.33333336338600955,0.33333334096137895,0.33333333350898348,0.33333333607229182,0.33333333340786253,0.33333333865691933,0.33333334525522079,0.3333333333851265,0.33333333669794124,0.33333333443357183,0.33333334393424013,0.33333333341612209,1.0,0.3333333356235117,0.33333335721151447,0.33333340406690487,0.33333333428436057,0.33333333385782482,0.33333333424802553,1.0254919260375932e-09,1.0,1.0,0.33333333768144341,0.33333333337443033,0.33333333342758248,0.33333333939628229
256.0,0.64565023038032499,0.86617793414952493,0.94510876799312726,0.95545757201227755,0.63758335165528113,0.84883303883900474,0.33333333361895651,1.0,0.64488758067595853,0.874693751541745,0.95249328909399911,0.90038056609466699,0.8977835219800715,0.92351304394900835,0.33333333361895651,0.92235049062999519,0.59119956707884913,0.76683150894772323,0.36840086305816389,0.88761056814690897,0.89433939566555487,0.84391011816981598,0.71502401055106513,0.9188410339020624,0.85855851892521351,0.75330370225577337,0.74723079214181032,0.73437036898494112,0.6409862050648284,0.67309228155321044,0.86978644717762743,0.90270948981883148,0.33333333361895651,0.83710686325942618,0.90346478772294925,0.33333333361895651,0.86724857905367025,0.8692444471845534,0.6738789719062096,0.7563551953953267,0.62303141465521306,0.89387984368369355,0.33333333361895651,0.92352147255396,0.87993969076568235,0.86974722158957185,0.93347243071138186,0.7185601882198106,0.7367896548354782,0.57807277209325925,0.33333333361895651,0.91785131917571672,0.55530607504050611,0.8878346420645391,0.92005588756810841,0.33333333361895651,0.67852213230474601,0.33333333361895651,0.83016225955100698,0.73584792831841395,0.76787872797891499,0.6270526468984875,0.94203400138526883,0.79038428188840626,0.76778904451888497,0.80814239865867987,0.96667273908485341,0.65611832530448544,0.95586259825402797,0.62143747474188193,0.33333333361895651,0.6412744686662819,0.55848670668189226,0.33333333361895651,0.60055234362779397,0.64524863532305943,0.72017853201605198,0.79781954520882825,0.75069938170577288,0.93714558470900011,0.78805962139613417,0.71560599853141704,0.8361611506587785,0.73170571566893239,0.84620615607379346,0.74621014886557369,0.90838056519734867,0.33333333361895651,0.77044355634483208,0.67334269588793061,0.65907300438047134,0.87950751591590537,0.91839374809433727,0.88470173191040391,0.43257455442920117,0.33333333361895651,0.33333333361895651,0.71194733069106719,0.83871729042318444,0.81439023325719628,0.75472923032121919
2007.0,0.92180565813174187,0.73803762939830386,0.59864273057225825,0.66628100884051478,0.95968500707302951,0.77093317449816112,0.3333333961853599,0.64488758067595853,1.0,0.66045422398734888,0.68507030584134199,0.63468521567707004,0.62414092065479887,0.66483283996236819,0.3333333961853599,0.69499745177385053,0.90821760831348219,0.80087360112626993,0.22068987762163242,0.66616829914559528,0.63389158449025962,0.68278932745207177,0.88824231071682647,0.66626992191844014,0.62383526991126204,0.87202066964329639,0.87811098742493765,0.81817345121935026,0.88979048898683821,0.95799929764898495,0.73661110958326148,0.73740416284865884,0.3333333961853599,0.75270943035701843,0.71947920859874515,0.3333333961853599,0.70883696344082781,0.61892197997642573,0.93751543982671004,0.86773742578722091,0.9001098417642851,0.71968567243506876,0.3333333961853599,0.65208673646611626,0.76265780796657878,0.75000232401042843,0.66587440744308801,0.8881947639507467,0.91016249310872055,0.91140059527486317,0.3333333961853599,0.63363855148039627,0.79229377580874205,0.62296942501220887,0.70158794925674162,0.3333333961853599,0.95043604263421511,0.3333333961853599,0.79792756067993587,0.87554479759845094,0.8053533005818071,0.93626195919441002,0.64713922363075616,0.76447198841381436,0.83611232094300758,0.52227538813871155,0.62050161828181805,0.96271690976517454,0.65048381680652867,0.94919394748970431,0.3333333961853599,0.91268875144325012,0.63037493926757326,0.3333333961853599,0.91062032183913233,0.94762648303286046,0.90198424332823557,0.57682310526785663,0.78123110370843751,0.65003134499463622,0.8425520764606973,0.91285056866435088,0.64996713452087718,0.83955690327716936,0.78878514340148742,0.88852146578080626,0.66493526573306583,0.3333333961853599,0.8066511098314102,0.96275340649719177,0.95082903908673089,0.75719165964459767,0.65726568527954721,0.75428567047401085,0.21832964019985054,0.3333333961853599,0.3333333961853599,0.78355810853685492,0.63278289148694322,0.63536785432449105,0.84438306694325949
179.0,0.61922350893442246,0.83626578283795394,0.90267104677186094,0.85619460349111254,0.64559443309481379,0.74135329862542587,0.33333333340711863,0.874693751541745,0.66045422398734888,1.0,0.87620419997222176,0.92614808958637962,0.94690466698809617,0.81107916241917,0.33333333340711863,0.83695114577152563,0.58686956872517526,0.71066705632521465,0.39537174833659644,0.97533946443796282,0.85869240309439088,0.72843704948886678,0.64616464466827284,0.87347427110892983,0.89442720877555593,0.66912039123003841,0.66131373178840935,0.65827796794919979,0.59576351552559148,0.66733890684857267,0.76305419288387977,0.87057210765951432,0.33333333340711863,0.778269831323529,0.83420838897793848,0.33333333340711863,0.73304467461317735,0.89503473834425351,0.65468116458647163,0.66451274837196717,0.59754930878903378,0.82833531686817619,0.33333333340711863,0.86059543699268704,0.82468954716052878,0.83335768364773743,0.95659318357238832,0.67668000194725464,0.65851915735601874,0.55971563997688822,0.33333333340711863,0.91009779216302,0.56306222520395888,0.91207971592236381,0.9159209452331698,0.33333333340711863,0.63149471835782922,0.33333333340711863,0.71594083049241586,0.69230095723830087,0.67115942194963818,0.59251670949499291,0.83436686616232258,0.69684438543320548,0.73761381013852745,0.80722492355359166,0.91021842425084298,0.62046744577208612,0.85291714585991285,0.63463740255494316,0.33333333340711863,0.61400363934258939,0.56307047468582938,0.33333333340711863,0.57495276294762065,0.63103773662882345,0.68993966049867783,0.82376002519401148,0.66636804248932668,0.94097058341610673,0.68441479485452927,0.70685179695328804,0.96225452005178613,0.71590240403180516,0.78850551636971555,0.68767550518011467,0.98174144398436136,0.33333333340711863,0.71391004881467468,0.66351853248710457,0.61858364249538311,0.78139630167254148,0.80740971611793633,0.77410470938083753,0.4854754357131239,0.33333333340711863,0.33333333340711863,0.61877121036092231,0.89749371279395396,0.959401771343947,0.6521332081216632
289.0,0.68284002907496744,0.91850273593489395,0.89920436029071649,0.9759082482176854,0.67635555422660476,0.89114372320885371,0.33333333359072914,0.95249328909399911,0.68507030584134199,0.87620419997222176,1.0,0.86776989821270112,0.88740748028399496,0.953042226029443,0.33333333359072914,0.9439490424168594,0.61598089829814273,0.82123522184143882,0.34085336129831484,0.89546295326539038,0.8961090065367584,0.87730429525407327,0.74973560081122947,0.92250953256610668,0.85183118678258873,0.78654636608329265,0.77977396654335396,0.76635124857679815,0.67470028394266002,0.71706996686736435,0.91149969769848216,0.94907169101160616,0.33333333359072914,0.88907791129450742,0.93870504679473232,0.33333333359072914,0.89342926633757702,0.82714269375922778,0.71699700338401529,0.78934812130135434,0.65125643061924154,0.93431505950245963,0.33333333359072914,0.92361745858692601,0.93260023927175484,0.93517340002744487,0.93597601022817056,0.77540455583344114,0.76923023454433981,0.60156057127648876,0.33333333359072914,0.88131651362585617,0.57878372910664477,0.84867716431672824,0.9562423062712454,0.33333333359072914,0.70828838509262526,0.33333333359072914,0.87808749252463569,0.79090740412049987,0.80780321653673826,0.63825950484206617,0.96319121247858719,0.83943501928272946,0.82362609976347867,0.76647946624925467,0.94096830417076616,0.67631450275376392,0.96821918278053287,0.65912350199320568,0.33333333359072914,0.64910146186512963,0.56741683190393688,0.33333333359072914,0.61851144032008587,0.68610574508959887,0.77426633507435672,0.75784424751893942,0.79505442555647809,0.92057264159296937,0.81429429334427395,0.76819150368008626,0.83061664179122474,0.79722922596022283,0.91201693112946003,0.79622415660305235,0.92063998039526374,0.33333333359072914,0.82249719519592368,0.71493417677074034,0.6772706493640227,0.93423004476025984,0.93821120029794181,0.92314843333673269,0.40501161893559717,0.33333333359072914,0.33333333359072914,0.74826275582750501,0.80493410002235988,0.81945233771750814,0.78256528203646292
5081.0,0.62326330846357947,0.75207521460657034,0.95133845464758038,0.83704039462585433,0.62225998442754393,0.76475115874727884,0.33333333338751164,0.90038056609466699,0.63468521567707004,0.92614808958637962,0.86776989821270112,1.0,0.96636280243516992,0.7937269237168888,0.33333333338751164,0.85327867006869429,0.61125931621836482,0.69301423159071807,0.46691478046487367,0.95890678513418093,0.87040957435519795,0.70081670162803233,0.67843541104911409,0.88182051107435255,0.9088921347299258,0.70466481990549845,0.67889374044804074,0.68250150332748694,0.62503380671790476,0.64848126693213526,0.78020880908306667,0.80044833092248346,0.33333333338751164,0.75433005148903176,0.81141400492145854,0.33333333338751164,0.76512854815819342,0.97569134728567475,0.64413718367934802,0.70728438024660711,0.63218043010248415,0.80860687997658809,0.33333333338751164,0.86850750728244319,0.77719220749561979,0.77773452096069506,0.89416942342179395,0.67322954450068728,0.69195212529223193,0.58420581404076588,0.33333333338751164,0.9616442894858882,0.57988107446187553,0.97138452650153706,0.84424387825662206,0.33333333338751164,0.67075678635272862,0.33333333338751164,0.73788291874814804,0.68642862065255583,0.70156539906788995,0.63810615854320163,0.83814594022381883,0.71470457174657243,0.68337375826269842,0.82097444746014403,0.93804988127061117,0.66114700935547355,0.84572475292591631,0.60711715796482069,0.33333333338751164,0.65406723824069979,0.59311818792977467,0.33333333338751164,0.61730942212143514,0.63521635462965098,0.67854861832876046,0.91637313700503242,0.68825679008312424,0.96825927322429395,0.71690383221659015,0.66168243938497728,0.92834010102369746,0.66903599612924614,0.75466422693329627,0.67992294096695638,0.93586412629975635,0.33333333338751164,0.69424884387298869,0.64766071025147365,0.66029022639786517,0.78693317509313798,0.80281423763181359,0.79277055019990694,0.52524213932384689,0.33333333338751164,0.33333333338751164,0.64572063335183882,0.97401696567943163,0.93368349306646881,0.69609841192903976
183.0,0.59117628218753637,0.78254856213607216,0.9617616288941454,0.87573775422842559,0.59917090163607079,0.73570302290900447,0.33333333344530414,0.8977835219800715,0.62414092065479887,0.94690466698809617,0.88740748028399496,0.96636280243516992,1.0,0.83189389633265953,0.33333333344530414,0.81971594741852949,0.58106770699625598,0.67018280233516425,0.47112653558154854,0.96635101253774947,0.86775806954992396,0.75049605501716099,0.65757575986468764,0.86931703600403287,0.90786377968627419,0.67695224972029744,0.68943326881796629,0.6414299671478898,0.58553287640004692,0.63572265814413953,0.76184638678303973,0.82089707620873587,0.33333333344530414,0.73627475854116453,0.81271166153209518,0.33333333344530414,0.74801810198804775,0.94274568980088447,0.61969116248563572,0.67510823654236318,0.59670205346967931,0.80312069294998079,0.33333333344530414,0.86913575310117819,0.78487668235559227,0.78892793421792506,0.92816046386376672,0.66445399300268859,0.69089597914592182,0.55159689222523145,0.33333333344530414,0.94235492929780718,0.54869692755464283,0.95896221716450514,0.86751505204624202,0.33333333344530414,0.64740143099892011,0.33333333344530414,0.74539663690403735,0.67349139635858279,0.6774577316342002,0.59545225932844381,0.8556232619526446,0.68510490297794568,0.67629037916775836,0.85201723677034702,0.95785879729581369,0.62627141695356192,0.87217310859220076,0.58513603907137846,0.33333333344530414,0.61790972068431171,0.55339619196547096,0.33333333344530414,0.57805979926623496,0.61408736274891285,0.66078568242314728,0.89793469550334593,0.66336531146811784,0.95401175797277382,0.69981066463365027,0.67830503992315438,0.92188950873917241,0.65947125575161736,0.75658927783692687,0.69771791440647435,0.96319824960871003,0.33333333344530414,0.68673588022924947,0.63498381963672668,0.62737712903666809,0.79095978135867473,0.81852793138647206,0.76989750378718702,0.55677603205008597,0.33333333344530414,0.33333333344530414,0.62897712767539227,0.94095320527281523,0.95060856193099708,0.66792630727474245
262.0,0.66176668278054807,0.93830380582431383,0.86496119499740232,0.9796647784665008,0.66821799733624232,0.89623990021245625,0.33333333395336756,0.92351304394900835,0.66483283996236819,0.81107916241917,0.953042226029443,0.7937269237168888,0.83189389633265953,1.0,0.33333333395336756,0.89634651478581084,0.57200948445039013,0.80641701362706275,0.30831880470947082,0.81422345227058601,0.80863370247520916,0.92751210296879905,0.78029011298615247,0.84316385560826446,0.75001209498821131,0.80783799110771337,0.82496030788029173,0.77844483928377051,0.65908702413829146,0.70871308914750164,0.90403420147266511,0.93189859833623567,0.33333333395336756,0.8587277637173818,0.89912963250020084,0.33333333395336756,0.87162161496056356,0.76792731598839159,0.70210457412618477,0.80059365118595516,0.61504256132589374,0.8857568246061952,0.33333333395336756,0.85558162670936433,0.9207934958186188,0.92006393917384599,0.90246632559163853,0.76735028830545959,0.794366639858891,0.56783863637611243,0.33333333395336756,0.79666470369418418,0.52368949771061324,0.77335134391739635,0.9165303897138436,0.33333333395336756,0.69601176955641064,0.33333333395336756,0.89885310889560177,0.78228650102598485,0.8013158653742517,0.60907461555036591,0.97920340654746074,0.82093072341390549,0.82360365690756099,0.76091870360860003,0.91085738293400687,0.65950884313797065,0.97945601245893332,0.65686507889186541,0.33333333395336756,0.6257066375965713,0.51367204035019787,0.33333333395336756,0.57934884595572955,0.66304594137267114,0.7664504653067632,0.73587504794540015,0.7901036474380817,0.8594805809318159,0.84676078188327553,0.79477999862061299,0.75929910138265344,0.80669963897699459,0.89951719216395964,0.81996598680893751,0.84958080443724404,0.33333333395336756,0.81967319695544194,0.69923989618300098,0.66117531850628952,0.93690815772618519,0.97854606044903614,0.91607345314313393,0.37814115563779627,0.33333333395336756,0.33333333395336756,0.74433950788721892,0.73867158828191337,0.75717480663852343,0.78435213201484899
239.0,0.33333335201619257,0.33333333408439464,0.33333333358581202,0.33333333376778002,0.33333336330318813,0.33333333467244736,1.0,0.33333333361895651,0.3333333961853599,0.33333333340711863,0.33333333359072914,0.33333333338751164,0.33333333344530414,0.33333333395336756,1.0,0.3333333335766846,0.33333363933450361,0.33333333531783932,2.9333175085870882e-08,0.33333333338906806,0.3333333334478612,0.33333333536267679,0.33333334653246521,0.3333333334624326,0.33333333338114074,0.33333334116811675,0.33333334550587418,0.3333333376251853,0.33333334937169384,0.33333335327921976,0.33333333435851081,0.33333333374365265,1.0,0.33333333400864534,0.33333333369600959,1.0,0.33333333410548355,0.33333333340563276,0.33333334821446331,0.33333334022996985,0.33333349209971114,0.33333333370561219,1.0,0.33333333349009625,0.33333333405465443,0.33333333392404157,0.33333333349816985,0.33333334069445825,0.33333335122475666,0.33333343048813685,1.0,0.33333333342057375,0.33333485723077771,0.33333333341590327,0.3333333335554578,1.0,0.33333337115362344,1.0,0.33333333591363373,0.33333333939773385,0.33333333664312698,0.33333346356104915,0.33333333371169033,0.33333333483931143,0.33333333582614338,0.33333333423433381,0.33333333357611344,0.33333341492787816,0.33333333369741486,0.33333336688187137,1.0,0.33333363790451581,0.33394268782867065,1.0,0.33333352563758928,0.33333336338600955,0.33333334096137895,0.33333333350898348,0.33333333607229182,0.33333333340786253,0.33333333865691933,0.33333334525522079,0.3333333333851265,0.33333333669794124,0.33333333443357183,0.33333334393424013,0.33333333341612209,1.0,0.3333333356235117,0.33333335721151447,0.33333340406690487,0.33333333428436057,0.33333333385782482,0.33333333424802553,1.0254919260375932e-09,1.0,1.0,0.33333333768144341,0.33333333337443033,0.33333333342758248,0.33333333939628229
228.0,0.72112228849046645,0.886758057874665,0.83642175628266591,0.90898742181284853,0.72929917451397197,0.93293489302544519,0.3333333335766846,0.92235049062999519,0.69499745177385053,0.83695114577152563,0.9439490424168594,0.85327867006869429,0.81971594741852949,0.89634651478581084,0.3333333335766846,1.0,0.64177640867798436,0.85821526517100144,0.28895510650118106,0.85770258159593638,0.88158896848399848,0.81900108983469,0.77173058631269686,0.91898715355784366,0.82367512090368322,0.81945348131219997,0.74477072176816705,0.85069590037057885,0.72579904294481856,0.74385682332945391,0.93744261824060404,0.93334960936830125,0.3333333335766846,0.93255373583078371,0.93097353633415036,0.3333333335766846,0.90236521626772559,0.81278572501395174,0.74443801206803906,0.82643020846677751,0.6710043599391845,0.93360660433723364,0.3333333335766846,0.90222387386160097,0.92315428786512899,0.92754868967099691,0.88922446273470379,0.77675934844069372,0.74476542173185756,0.62942468511043936,0.3333333335766846,0.86635147098973475,0.59580006856892365,0.81562244338804246,0.92496889806614879,0.3333333335766846,0.72583828190648214,0.3333333335766846,0.85157443307685143,0.796533158086698,0.82483183881733135,0.68315846782136258,0.92261892137497392,0.87545808034713135,0.84295747145742583,0.69173408213747167,0.88627114921584538,0.71666731903980274,0.91727761052546575,0.71485561151827193,0.3333333335766846,0.68901911732867482,0.60950733662432943,0.3333333335766846,0.6527083028767523,0.70440843434757927,0.79311539020129473,0.71157897380779289,0.82492161449085621,0.91753817911897428,0.82560680928307872,0.7462470830347957,0.82519563840188093,0.83532445293951418,0.90780536373927312,0.74539886269721534,0.87027968968449532,0.3333333335766846,0.83377743816599814,0.72218426833232341,0.70850566498641332,0.92463531322146608,0.91408192493442186,0.9483662126353698,0.33193675684539148,0.3333333335766846,0.3333333335766846,0.75894891327303782,0.79779801468684031,0.76539608099644452,0.80458465736171914
10082.0,0.86073578453077582,0.61622568470950989,0.56348533367936804,0.5850321238366194,0.84335188279210704,0.67787935009945388,0.33333363933450361,0.59119956707884913,0.90821760831348219,0.58686956872517526,0.61598089829814273,0.61125931621836482,0.58106770699625598,0.57200948445039013,0.33333363933450361,0.64177640867798436,1.0,0.74613865967661042,0.21274796672316929,0.61476170331713198,0.6614777551399792,0.58640088628564102,0.75180837155850011,0.67224695511815025,0.65335924180752591,0.74900773781167274,0.73522265316077895,0.72095901501958881,0.85496973726595904,0.84493700301110353,0.66570564552431044,0.64077334507883099,0.33333363933450361,0.70709773147105792,0.68539603588532216,0.33333363933450361,0.69267384798371712,0.58020612647291558,0.84386726294968428,0.76057820604574011,0.88605936915089722,0.69581689034026317,0.33333363933450361,0.65942836641315816,0.67851491519294471,0.66205899238953358,0.59252417995808082,0.80839141071313236,0.79027479964100245,0.95296943878371365,0.33333363933450361,0.63614112743167917,0.93734242508481325,0.62590472838128142,0.62473608837242123,0.33333363933450361,0.89066337379453009,0.33333363933450361,0.70351378660386998,0.79058581962815644,0.76028538973613458,0.96110459129788073,0.56772151666299642,0.73466880110499944,0.72561685994691383,0.47374531593246988,0.57586018328879729,0.93322422162742036,0.56613761089403225,0.8313093014676719,0.33333363933450361,0.95547691145930536,0.68591039467503967,0.33333363933450361,0.98390863436730436,0.89662086304159894,0.8048362491886879,0.5448870694203567,0.74807103972944455,0.60313735846533578,0.72806007711548182,0.7563275217153741,0.57367257185923337,0.71381193792645081,0.70504895555470737,0.74856083064134105,0.60683851104111508,0.33333363933450361,0.74898593167922944,0.87032570747458704,0.92621156413218741,0.67984921658203534,0.56719850924468429,0.67958017316059804,0.18243868140461483,0.33333363933450361,0.33333363933450361,0.76041518594306445,0.61777560869019632,0.56431428708547182,0.77182083518097844
252.0,0.90855004463224776,0.87789229156566229,0.67236391497116088,0.80572087934194114,0.83827004663936922,0.9306119492373276,0.33333333531783932,0.76683150894772323,0.80087360112626993,0.71066705632521465,0.82123522184143882,0.69301423159071807,0.67018280233516425,0.80641701362706275,0.33333333531783932,0.85821526517100144,0.74613865967661042,1.0,0.22764468042236,0.7220851758617729,0.80851322227593891,0.8287147270320645,0.82358237239809251,0.8429587026961699,0.754684040158216,0.88040005240441255,0.81577145783019889,0.92059020346926967,0.89887710197027937,0.87792286540503184,0.90002449919084226,0.88777993496351637,0.33333333531783932,0.96341942534813263,0.91662860512273403,0.33333333531783932,0.92906432349015289,0.64966733605658333,0.91690065727698344,0.89952004197138169,0.72903502517366026,0.92818813085206331,0.33333333531783932,0.83308555326957967,0.93352604094297487,0.91140034587482199,0.75978397784352902,0.94134784147983541,0.81997508974073241,0.79120012060304623,0.33333333531783932,0.7407680764547927,0.69749352281697463,0.70068786973925812,0.83343073188334804,0.33333333531783932,0.818180599285805,0.33333333531783932,0.91630624040266262,0.95869298619506493,0.96098412156378743,0.76578374190007015,0.78215310399092985,0.97103932146693561,0.96952160455696179,0.5586771551707711,0.71138875589345529,0.77695201403261527,0.77586863000330675,0.80443004312956001,0.33333333531783932,0.7120822464667983,0.659584517888397,0.33333333531783932,0.75416196839179461,0.87346663745070463,0.94954690234059458,0.58130528218181421,0.962365982995247,0.72690960751232625,0.89130461837208086,0.85177269632355312,0.67922152596902718,0.92654235488699721,0.96047857048478524,0.84665049668515679,0.73911237991834378,0.33333333531783932,0.98193391271117836,0.8815744109010587,0.78261768680463517,0.92400604318200807,0.80225102524145264,0.93182135731588145,0.22747343735062261,0.33333333531783932,0.33333333531783932,0.93528983737630311,0.67044910077119646,0.64421009298239518,0.92532337659643593
283.0,0.20243560611375924,0.26311646746051087,0.44522878617167283,0.34134197755183177,0.1889439683390455,0.25774013840046062,2.9333175085870882e-08,0.36840086305816389,0.22068987762163242,0.39537174833659644,0.34085336129831484,0.46691478046487367,0.47112653558154854,0.30831880470947082,2.9333175085870882e-08,0.28895510650118106,0.21274796672316929,0.22764468042236,1.0,0.41908023723737919,0.34945486797191117,0.32271375917427353,0.22031148013085566,0.34002812346544964,0.40715178446917638,0.24035637341920721,0.25722004910438601,0.2093564594120326,0.20118623926675117,0.22121878421502769,0.26679556700094958,0.28561767901499718,2.9333175085870882e-08,0.24765172619592782,0.3040194901001439,2.9333175085870882e-08,0.28620073558917963,0.48087427061632787,0.21752809426707195,0.2472039852252873,0.2063678747079738,0.29673981081906609,2.9333175085870882e-08,0.34906378289258688,0.27749452391213708,0.2675278946430657,0.35378623408902959,0.25064697787842377,0.26785746115262954,0.19173070601303685,2.9333175085870882e-08,0.42481543728753968,0.1900924022070912,0.4807205052798274,0.31013932906273206,2.9333175085870882e-08,0.24764853444568088,2.9333175085870882e-08,0.2985039838051915,0.24700179759341501,0.25337962437756806,0.22221087862978747,0.31222225578869822,0.24352886602666601,0.2287627219536065,0.37880492103085112,0.413833058453762,0.23238719024108537,0.3197211460366709,0.17249741235295968,2.9333175085870882e-08,0.22870858722727563,0.19734354373276694,2.9333175085870882e-08,0.21035679832088761,0.22086989778978708,0.23533176323278515,0.55280804430027919,0.23765508597760557,0.39086327045869496,0.26418715812356319,0.23470945941406815,0.39343433649931497,0.20139657180091561,0.2766432928648157,0.26957683052478348,0.39453850130281393,2.9333175085870882e-08,0.24545447816623675,0.23178709622489133,0.24086973444703555,0.29510935820584283,0.27995645583717682,0.27993514971951433,0.89481478936950465,2.9333175085870882e-08,2.9333175085870882e-08,0.23542110535041783,0.51994171469710004,0.46598457611345773,0.25589731737739435
